Gene name
MT-ND1
MT-ND2
MT-CO1
MT-CO2
MT-ATP8
MT-ATP6
MT-CO3
MT-ND3
MT-ND4L
MT-ND4
MT-ND5
MT-ND6
MT-CYB
AC240274.1
BX004987.1
OPRL1
NPBWR2
MYT1
AL121581.1
PCMTD2
KIR3DL3
KIR2DL3
KIR2DL1
KIR2DL4
KIR3DL1
KIR3DL3
KIR3DL3
KIR2DL3
KIR2DL1
KIR2DL3
KIR2DL4
KIR3DL1
KIR2DS4
KIR2DL1
KIR3DL2
KIR2DL4
KIR3DL3
KIR2DS4
KIR3DL2
FCAR
GU182359.6
GU182359.1
KIR3DL3
KIR2DL4
KIR3DL3
KIR3DL1
KIR3DL3
GU182345.5
KIR2DL3
GU182345.3
GU182345.4
KIR2DL1
GU182345.8
KIR2DL3
KIR2DL1
KIR2DL1
KIR2DL4
GU182359.7
KIR2DL4
KIR3DL3
KIR3DL1
NCR1
KIR2DL4
GU182351.1
GU182351.7
GU182359.5
GU182351.4
GU182359.8
GU182359.3
KIR3DL2
KIR3DL1
GU182351.10
KIR2DL1
KIR3DL3
KIR3DL1
KIR3DL2
SNTG2
KIR2DL4
KIR2DL3
KIR3DL3
KIR2DL1
KIR3DL3
AL133414.10
KIR3DL3
KIR3DL3
KIR2DS2
KIR3DL1
KIR2DL2
KIR3DL2
KIR2DL5B
KIR3DL3
KIR2DS3
GU182357.3
KIR2DL1
GU182357.10
GU182357.9
GU182357.1
KIR2DL4
KIR2DL4
KIR2DL3
KIR3DL3
KIR2DS4
KIR2DL1
KIR2DL1
KIR3DL2
KIR2DL3
AL133414.2
KIR2DL1
KIR3DP1
KIR2DL4
KIR2DL4
GU182343.8
GU182349.4
KIR2DL3
GU182349.2
KIR3DL3
KIR2DL4
GU182343.2
KIR2DS2
KIR3DL1
KIR2DL4
GU182343.1
KIR2DL4
KIR3DS1
KIR2DL1
KIR3DL1
KIR3DL1
AL133414.8
KIR3DL1
KIR3DL1
KIR2DL4
KIR2DL2
KIR3DP1
KIR2DL4
KIR2DL5A
GU182339.1
KIR2DS1
AL133414.5
KIR3DL2
KIR3DL1
AL133414.9
AL133414.1
KIR3DL2
KIR3DL2
KIR3DL1
KIR3DL2
KIR2DS4
KIR3DL2
KIR3DL2
FCAR
KIR2DS4
HS3ST6
KIR3DL2
KIR3DL3
BX072566.1
KIR3DL2
FCAR
KIR2DL3
KIR2DL1
KIR3DL3
KIR3DL3
KIR2DL4
FCAR
ZNF66
NCR1
KIR2DL3
KIR2DL3
KIR2DL1
KIR2DL1
ZNF85
KIR3DL1
KIR2DL4
KIR2DL4
NCR1
ZNF430
KIR3DL1
NCR1
KIR3DL1
KIR3DL2
KIR2DS4
KIR3DL3
KIR3DL2
GU182347.5
GU182347.8
KIR3DL2
GU182347.13
GU182347.9
KIR2DL1
KIR2DL4
FCAR
GU182347.2
SBNO2
INTS3
NCR1
GU182347.6
GU182347.11
GU182347.3
KIR3DL2
TRAPPC12
KRTAP9-2
KRTAP9-3
KRTAP9-4
KRTAP9-9
AC209539.5
ADI1
KRTAP29-1
AL513523.9
SLC27A3
GATAD2B
ARHGEF26
AC007325.1
AC007325.4
AC007325.2
DHX36
DLG5
DNAH10
CCDC92
PIWIL1
ZNF100
ZNF43
KRT12
KRT20
KRT23
KRT39
KRT40
KRTAP3-3
KRTAP3-2
KRTAP3-1
KRTAP1-5
KRTAP1-4
KRTAP1-3
KRTAP1-1
KRTAP2-1
AC037482.5
KRTAP2-3
KRTAP2-4
AC037482.6
KRTAP4-8
KRTAP4-16
KRTAP4-9
KRTAP4-11
KRTAP4-12
PRB1
KIR3DL3
KIR3DL3
KIR2DL3
KIR2DL1
GU182353.3
GU182353.7
KIR2DL4
KRTAP9-2
KRTAP9-4
KRTAP9-9
KRTAP9-6
KRTAP9-7
KRTAP29-1
GU182353.2
KIR2DL4
KIR3DL1
KIR3DL1
DSEL
OR9G1
OR9G9
OR9G4
KIR2DS4
KIR3DL2
KIR2DS4
KIR3DL2
ERICH1
KIR3DL3
GU182355.7
GU182355.10
GU182355.9
CTDP1
KIR2DL4
AC011043.1
AC011043.2
GU182355.6
GU182355.5
GU182355.3
GU182355.2
KIR3DL2
PROP1
SNTG2
APOBEC3A
TPO
AP2A2
SEPTIN9
PTCHD3
NOSTRIN
PROP1
SPC25
G6PC2
ABCB11
KCNQ2
CYFIP1
CRIM1
ADAMTS12
RXFP3
SLC45A2
TUBGCP5
KIR3DL3
TBCD
FTCD
TUBGCP5
KIR2DL3
KIR2DL1
KIR2DL4
PTDSS2
GOLGA6L1
SKA1
GOLGA6L22
IFNGR2
SPATC1L
SERF1B
LSM14A
RNH1
DLGAP2
AADACL2
LSS
SMN2
B3GNTL1
KIR3DL3
GARRE1
TMEM50B
GOLGA6L1
DUSP8
GU182352.1
UTP4
AP006285.3
KCNIP4
KRTAP5-1
KRTAP5-2
AC213203.2
AC213203.1
KRTAP5-3
KRTAP5-4
KRTAP5-5
CNTNAP2
DUSP8
PAXBP1
DNAJC28
KRTAP5-1
KRTAP5-2
METRNL
KRTAP5-3
KRTAP5-4
GART
AC023491.2
C21orf62
SERF1A
KRTAP5-5
HRAS
GU182352.7
GU182352.6
KRTAP5-6
KIR2DL3
IFITM10
GU182352.12
SNTB2
AC145212.1
MAFIP
KIR3DL2
SMN1
AC024940.6
KIR2DL1
OR2T4
OR2T6
OR2T1
OR2T7
OR2T2
SINHCAF
OR2T3
LRRC56
OR2T5
DECR2
LMNTD2
NAIP
SMDT1
NDUFA6
NKD2
SMDT1
RASSF7
NXN
NDUFA6
TIMM22
ABR
YTHDC1
SLC12A7
PHRF1
CYP2D6
RAB11FIP3
GTF2H2
DLL1
FAM120B
AC236040.1
KIR2DL4
SMDT1
TMPRSS11E
NDUFA6
MUC20
MUC20
UGT2B15
MUC4
PLCH2
MUC4
UGT2B10
KIF26B
TCF20
UGT2A3
PANK4
VSTM1
AL592183.1
TCF20
HES5
MUC20
MUC20
TNFRSF14
MUC4
TARM1
IRF7
OSCAR
MUC4
NDUFA3
TFPT
PTPRN2
OR5P2
AC012314.11
OR5P3
VSTM1
BDP1
OR10A3
NLRP10
CNOT3
KIR3DL1
CDHR5
LENG1
GBA
TMC4
PRXL2B
MBOAT7
TARM1
OSCAR
VSTM1
TSEN34
TMEM179
RPS9
MCCC2
AC093830.1
C14orf180
VSTM1
TDO2
MUC20
KIR2DS4
TRIM27
KIR3DL2
NDUFA3
LINC01556
TFPT
MUC4
MMEL1
ZNF311
AC012314.12
SCT
DRD4
CTSO
DEAF1
OR2W1
CR547123.3
OR2B3
OR5T2
OR2J3
OR5T3
OR5T1
FAM189B
OR8H1
OR2J2
CNOT3
TARM1
OSCAR
OR8K1
OR8J1
OR14J1
OR8U8
OR8U9
OR5V1
OR12D3
OR12D2
TARM1
OR11A1
OSCAR
OR10C1
OR2H1
NDUFA3
LENG1
TFPT
TMC4
MAS1L
ZNF705G
AC012314.7
TRIM27
DEFB4B
NDUFA3
GABBR1
TFPT
AC011476.12
DEFB103B
AC012314.13
SPAG11B
TTC34
FAM20C
CNOT3
VSTM1
SCAMP3
HNRNPCL2
NLRP7
PRAMEF25
CNOT3
LINC01556
HNRNPCL4
TRIM27
ZNF311
PRAMEF9
DEFB104B
LENG1
DEFB106B
TMC4
PRAMEF18
NLRP2
MBOAT7
OR2W1
DEFB105B
PRAMEF5
AL929561.10
OR2B3
CLK2
DEFB107B
TRIM27
OR2J3
OR2J2
GP6
PRR23D1
MBOAT7
PRAMEF8
LENG1
OR11A1
PRAMEF33
OR10C1
TSEN34
OR2H1
TMC4
RDH13
LINC01556
OR2W1
LINC01556
CR933783.3
OR2B3
RPS9
ZNF311
OR2J1
MAS1L
TARM1
OR2J3
OR2J2
GPX6
GPX5
OR2W1
BX248413.4
OR14J1
OSCAR
VSTM1
OR2B3
GABBR1
OR5V1
LILRA3
OR2J3
OR12D3
ZBED9
TSEN34
OR2J2
OR12D2
SLC43A2
DTX2
OR11A1
HCN3
OR14J1
OR10C1
OR5V1
OR2H1
OR12D3
TRIM27
OR12D2
TRIM27
OR11A1
BTG3
LILRA5
AC004556.3
PKLR
OR10C1
ZNF311
OR2H1
MAS1L
UPK3B
MBOAT7
OR2W1
CR388407.3
GABBR1
MAS1L
OR2B3
MRPS36
RPS9
OR2J3
OR2J2
MOG
AC226007.1
CDK7
SPDYE16
OR14J1
LILRA4
OR12D3
TARM1
AL662796.1
OR12D2
OSCAR
OR11A1
KIR2DS4
LINC01556
POMZP3
OR10C1
ZNF311
ZNF311
OR2H1
LAIR1
OR2W1
OR2W1
AL662852.6
OR2B3
NDUFA3
OR2B3
OR2J3
MAS1L
OR2J3
OR2J2
OR2J2
OR14J1
NDUFA3
OR11A1
TFPT
OR14J1
OR10C1
OR5V1
LILRB3
OR2H1
OR12D3
GABBR1
OR12D2
AC012314.3
SCARF1
OR11A1
MAS1L
OR10C1
TSEN34
KIR3DL2
OR2H1
TFPT
CNOT3
GABBR1
MAS1L
UBD
CEACAM21
LENG1
RPS9
TMC4
CCDC125
GABBR1
PRPF31
MBOAT7
RILP
TSEN34
CEACAM4
PRPF8
RPS9
CEACAM7
AK6
LILRB3
LILRA6
KIR2DL1
KIR2DL4
UBD
TAF9
OR2H2
MOG
LILRA6
CNOT3
ZFP57
RAD17
HLA-F
SLC39A11
KIR3DS1
UBD
TLCD2
LILRB5
ZNF676
LENG1
OR2H2
TMC4
ZNF729
KIR2DL5A
MOG
UBD
OR2H2
KIR2DS3
KIR2DS1
MOG
LILRA6
KIR3DL2
AGK
HLA-G
UBD
WDR81
OR2H2
MBOAT7
DENND11
UBD
MOG
OR2H2
MOG
LILRB2
FCAR
WEE2
ZFP57
ZFP57
LILRB5
SSBP1
C22orf15
SERPINF2
HLA-F
HLA-F
TSEN34
HLA-A
CHCHD10
OR2H2
NCR1
MMP11
MOG
RPS9
LILRB5
SERPINF1
LILRA3
AP000349.1
SMARCB1
LILRA5
LILRB2
HLA-G
VSTM1
LAIR1
HLA-G
TTYH1
NLRP7
ZFP57
ANO4
LILRB2
HLA-F
SLC5A8
ZFP57
DERL3
NLRP2
MARVELD2
HLA-G
LILRB3
TARM1
OSCAR
GP6
ZFP57
RDH13
HLA-F
IQSEC3
HLA-A
NDUFA3
HLA-A
TFPT
LILRA3
SLC2A11
OCLN
AC012314.5
AC026369.8
HLA-A
LILRA5
CNOT3
AC142525.4
ARHGAP27
HLA-G
GTF2H2
ZFP57
LENG8
LILRA4
LILRA6
LENG1
HLA-F
TMC4
LAIR1
MBOAT7
POLR1H
HLA-G
LENG9
TSEN34
CDC42EP5
TTYH1
POLR1H
LAIR2
RPS9
B2M
CU464060.2
KIR3DX1
LILRA2
AC091304.6
HERC2
HLA-A
TBX22
PLEKHM1
HLA-A
GOLGA8F
TRIM69
PPP1R11
HLA-G
BDH1
PPP1R11
DLGAP2
GOLGA8G
RNF39
LILRA1
TRIM31
RNF39
KIR2DL2
LILRB5
LENG8
TRIM31
CRHR1
HLA-A
POLR1H
TRIM40
LILRB1
TRIM10
AL354822.1
LENG9
CDC42EP5
KIR2DS4
LAIR2
FCAR
TRIM40
LILRB2
TRIM10
TRIM15
LILRB1
KIR3DX1
NAIP
LILRB4
KIR3DL2
AC011476.4
LILRA2
LILRB4
TRIM15
PPP1R11
TRIM26
NLRP7
AP000350.13
MIF
RNF39
TRIM26
NLRP2
KIR2DL2
TRIM31
GP6
KIR3DL3
GSTT2B
LILRA1
KIR2DL3
POLR1H
DDTL
RDH13
TRIM40
DDT
TRIM10
HLA-E
SMN2
LILRB1
GSTT2
TRIM39
KIR3DL3
TRIM15
KIR2DL1
LILRA3
GSTT4
KIR2DS2
GNL1
AP000351.3
SPPL2C
PPP1R11
AC011476.10
TRIM26
MAPT
LILRA5
GSTT1
NLRP7
RNF39
SERF1B
POLR1H
GPR20
TRIM31
LILRA4
RPP21
PTP4A3
PRR3
AP000351.7
NLRP2
TRIM40
AC011476.6
ARHGAP27
LAIR1
GP6
TRIM10
GARRE1
ABCF1
NLRP7
GPI
RDH13
HLA-E
POLR1H
GTF2H2C_2
TRIM15
POLR1H
NLRP2
PPP1R11
MEGF11
ATP23
GP6
TRIM39
FAM20C
TRIM26
GNL1
RDH13
RNF39
TRIM31
PPP1R11
PLEKHM1
PRR3
PPP1R11
PPP1R10
TRIM40
RPP21
RNF39
KANSL1
TRIM31
TRIM10
LRRC37A2
ABCF1
RNF39
LILRB4
TRIM31
TRIM15
TRIM39
CES1
TRIM40
HLA-E
MRPS18B
TRIM10
BDP1
TRIM40
ARL17B
TRIM26
TTYH1
ARL17B
TRIM10
GNL1
TRIM15
ATAT1
KIR3DL3
TRIM15
RPP21
LRRC37A2
TRIM26
LRRC37A
PRR3
CES5A
KIR2DL3
TRIM26
NSF
KIR2DL1
ABCF1
MCCC2
KANSL1
LENG8
PPP1R10
APBA1
GNL1
DHX16
KIR2DL4
TRIM39
WNT3
LENG9
MRPS18B
CDC42EP5
WNT9B
MAMDC2
PPP1R18
LAIR2
MAPT
TRIM39
SCGB1C2
DOC2B
KIR3DX1
NRM
KIR3DL1
TRIM39
ATAT1
RPH3AL
PPP1R10
RPP21
LILRA2
RPP21
MDC1
MRPS18B
C6orf136
HLA-E
RPP21
TAS2R7
TAS2R8
TAS2R9
DHX16
PRR4
LILRA1
KIR2DS4
GNL1
HLA-E
TUBB
KIR3DL2
ATAT1
HLA-E
TAS2R10
TAS2R13
FLOT1
PRH2
LILRB1
STH
GNL1
TAS2R14
PRR3
DDR1
TAS2R50
SPPL2C
PPP1R18
TAS2R20
TAS2R19
TAS2R31
CRHR1
TAS2R46
TAS2R43
GNL1
FCAR
TAS2R30
VSTM1
ABCF1
NRM
MUC21
PRR3
MICB
C6orf136
PRR3
TARM1
ABCF1
MCCD1
OSCAR
MDC1
DHX16
DDX39B
ABCF1
NDUFA3
TFPT
NCR1
AC012314.14
PPP1R10
TUBB
SALL3
CNOT3
LRRC37A3
OCA2
C6orf136
PPP1R18
KRTAP16-1
KRTAP17-1
ATP9B
KRT33A
RPH3AL
ZNF280B
MDC1
ZNF280A
LENG1
FLOT1
KRT33B
TMC4
AC139677.1
PRAME
MGAM
KRT34
MRPS18B
DHX16
AC207056.2
MBOAT7
LILRB4
KRT31
NSF
TUBB
TSEN34
KRT37
MGAM2
HERC2
PPP1R10
NLRP7
TNF
RPS9
LTB
DDR1
PPP1R10
ATAT1
KIR3DL3
FLOT1
PRSS58
WNT3
LST1
MRPS18B
KIR2DL3
PPP1R18
GOLGA8G
KIR2DS1
MRPS18B
NLRP2
NRM
ATAT1
GTF2H4
KIR3DL2
ATAT1
KIF5C
MDC1
APBA2
GP6
IER3
AC011476.5
KIR3DL3
NCR3
RDH13
MTRNR2L6
TCF19
NLRP7
KIR2DL3
KIR2DL1
PRSS1
KIR2DL4
TUBB
MSH5
NLRP2
POU5F1
GP6
FAM189A1
VARS2
C6orf136
PRSS2
RDH13
KIR3DL1
NSMCE3
TJP1
FLOT1
DHX16
EPHB6
C6orf136
MSH5-SAPCD1
KCNQ1
KIR3DL2
SAPCD1
CDKN1C
VWA7
IER3
DHX16
SLC9A3
C6orf136
PPP1R18
CEP72
SLC22A18
VARS1
GOLGA8J
NRM
FCAR
AC243790.1
DHX16
DDR1
CHRFAM7A
TRPV6
AC011841.1
SFTA2
CCL18
ARHGAP11B
MUCL3
MUC21
FAN1
CCL3
ZC3H3
PHLDA2
MDC1
MTMR10
PPP1R18
C6orf15
LSM2
GSDMD
PSORS1C1
ATP6V1G3
TRPV5
NAP1L4
TRPM1
CCL4
CDSN
PSORS1C2
HSPA1L
HSPA1A
PPP1R18
PTPRC
HSPA1B
CCHCR1
CCL3L3
NRM
SNHG32
NCR1
TUBB
CCL4L2
NRM
LLCFC1
KEL
TBC1D3B
FLOT1
MDC1
NLRP7
MROH6
MDC1
OR9A2
OR6V1
NEU1
PVALB
TUBB
CCL3L3
KLF13
AC243734.1
TUBB
SLC44A4
NCF4
CCL4L2
NAPRT
FLOT1
HLA-C
ARHGAP11A
NLRP2
GTF2H4
TCF19
TBC1D3I
FLOT1
IER3
POU5F1
CARS1
SCG5
EHMT2
GREM1
DDR1
EEF1D
NCR1
SALL3
ATP9B
VSTM1
IER3
VARS2
GP6
MUC20
PLPPR3
TARM1
APOL5
DDR1
AZU1
OSCAR
RBFOX2
PRTN3
MUC4
IER3
RDH13
NDUFA3
TFPT
ELANE
HLA-B
AC012314.6
CFD
DDR1
CNOT3
MED16
LENG1
TMC4
MBOAT7
GTF2H4
TSEN34
RPS9
SFTA2
KIR3DL3
TNXB
MUC21
PRRT1
ARMC10
KIR2DP1
C6orf15
PSORS1C1
CDSN
PPT2
CU633846.1
PSORS1C2
NAPEPLD
CCHCR1
GTF2H4
KIR3DL2
AC011476.11
VARS2
PPP2R3B
NLRP7
NLRP2
GP6
GTF2H4
ZNF251
CR759815.4
RDH13
HLA-C
VARS2
NXN
TIMM22
ABR
EGFL8
TCF19
CATSPERB
TCTE3
VARS2
SFTA2
POU5F1
ERMARD
MUCL3
MUC21
AGPAT1
C6orf15
PSORS1C1
TC2N
CDSN
MICA
PSORS1C2
SFTA2
CCHCR1
MUCL3
MUC21
MICB
C6orf15
PSORS1C1
AC233755.2
AC233755.1
CDSN
PSORS1C2
CCHCR1
MCCD1
BX248516.1
TIGD5
DDX39B
PYCR3
SFTA2
RNF5
MUCL3
TAMM41
HLA-B
MUC21
AP2A2
C6orf15
AGER
PSORS1C1
AC090958.6
GFUS
CDSN
PSORS1C2
TCF19
CCHCR1
YWHAE
POU5F1
PPP2R3B
TCF19
MUC2
GAL3ST2
ZNF623
POU5F1
NEU4
ZNF707
ATP6V1G2
CR847794.4
NFKBIL1
HLA-C
LTA
PDCD1
ARHGEF10
RTP5
TCF19
TNF
LTB
POU5F1
LST1
TAS2R7
TAS2R8
TAS2R9
PRH1
CCDC166
MUC20
MAPK15
TAS2R10
PRR4
SPACA7
TUBGCP3
KBTBD11
AC245078.1
PLPPR1
TAS2R13
MYOM2
FAM83H
PRH2
TAS2R14
TAS2R50
TAS2R20
TAS2R19
BAAT
TAS2R31
SCRIB
TAS2R46
TAS2R43
TAS2R30
TAS2R42
PRB3
PRB4
PRB1
HLA-B
PBX2
NCR3
GRK1
GPSM3
TMEM255B
MICB
AIF1
CDH4
HLA-C
NOTCH4
TSBP1
MCCD1
TAF4
BTNL2
DDX39B
HLA-DRB3
HLA-C
PRRC2A
PUF60
HLA-DQA2
HLA-DQB2
HLA-DOB
TAP2
HLA-C
BAG6
GLIS2
PAM16
HLA-B
PSMB8
ATP6V1G2
CORO7-PAM16
NFKBIL1
MICB
MCCD1
PSMB9
DDX39B
CORO7
LTA
MICA
TAP1
TNF
MICB
LTB
CLPTM1L
MCCD1
HLA-DMB
DDX39B
LST1
DLGAP2
OR13A1
CLN8
ALOX5
HLA-DMA
LY6E
THEMIS
HLA-DPA1
HLA-B
SLC6A3
PTPRK
HLA-DPB1
LPCAT1
AC133551.1
NCR3
PARN
MARCHF8
AC136612.1
AC136616.1
FRG1
AC136616.3
LY6L
AC136616.2
LY6H
AC141272.1
ATP6V1G2
FRG2
AIF1
NFKBIL1
POTEB3
ATP6V1G2
NFKBIL1
VASN
LTA
DNAJA3
MICA
PRRC2A
TNF
LTA
AC135068.1
AC171558.5
LTB
BFAR
TNF
MICB
LTB
PLA2G10
LST1
NPIPA3
APOM
MCCD1
LST1
NMRAL1
DDX39B
C6orf47
RRN3
GPANK1
PPIAL4F
BAG6
NCR3
HMOX2
CSNK2B
NCR3
AIF1
NTAN1
PRRC2A
PRRC2A
ADAM9
ADAM32
PDXDC1
ATP6V1G2
LY6G5B
NFKBIL1
LY6G5C
ABHD16A
CDIP1
MICA
BAG6
BAG6
LTA
MICB
TNF
LTB
MCCD1
ADAM18
DDX39B
LY6G6F
LST1
LY6G6F-LY6G6D
LY6G6E
LY6G6D
MPIG6B
ADAM2
CEP170
LY6G6C
APOM
DDAH2
NCR3
C6orf47
GPANK1
NPIPA1
AIF1
ATP6V1G2
CLIC1
NFKBIL1
AC245049.1
CSNK2B
LTA
PRRC2A
TNF
LTB
NOMO1
MSH5
APOM
LST1
C6orf47
GPANK1
LY6G5B
APOM
LY6G5C
CHGA
C6orf47
MSH5-SAPCD1
ABHD16A
GPANK1
SAPCD1
CSNK2B
VWA7
BAG6
ITPK1
NCR3
VARS1
NPIPA5
MPV17L
CSNK2B
AC140504.1
AIF1
BMERB1
LY6G6F
NEU1
LY6G6D
LY6G6E
CR753842.2
MARF1
MPIG6B
PRRC2A
LY6G5B
SLC44A4
MOAP1
LY6G5C
TMEM251
AL110118.3
GON7
ABHD16A
UBR7
CR354443.4
LY6G6C
LY6G5B
EHMT2
DDAH2
LY6G5C
ABHD16A
BTBD7
NDE1
GOLGA6L10
AC011295.2
GOLGA6L10
LY6G6F
LY6G6F-LY6G6D
LY6G6E
CLIC1
GOLGA6L9
UNC79
LY6G6D
MPIG6B
MYH11
BAG6
LY6G6F
LY6G6F-LY6G6D
RPS17
LY6G6E
LY6G6D
MPIG6B
AC010724.8
LY6G6C
C2
MSH5
DDAH2
CPEB1
LY6G6C
COX8C
DDAH2
PRIMA1
APOM
FAM181A
C6orf47
CLIC1
ASB2
GPANK1
CLIC1
INPP5D
OTUB2
CFB
DDX24
CSNK2B
MSH5
MSH5-SAPCD1
MSH5
NELFE
IFI27L1
NEU1
IFI27
SAPCD1
ATG16L1
VWA7
LY6G5B
C2
VARS1
IFI27L2
LY6G5C
MSH5-SAPCD1
PPP4R4
SKIV2L
ABHD16A
SERPINA10
LSM2
SERPINA6
SERPINA2
SAPCD1
NEU1
VWA7
CEP20
SERPINA1
DXO
VARS1
LY6G6F
LY6G6D
SLC44A4
APOM
CFB
LY6G6E
STK19
ABCC1
MPIG6B
C6orf47
LSM2
GPANK1
EHMT2
HSPA1L
TNXB
HSPA1A
HSPA1B
C4B_2
PRRT1
SNHG32
LY6G6C
DDAH2
PPT2
CSNK2B
SAG
ABCC6
NEU1
CLIC1
DGKD
SLC44A4
C4B
C2
LY6G5B
EHMT2
MSH5
NOMO3
LY6G5C
EGFL8
ABHD16A
AGPAT1
OR2T4
OR2T6
OR2T1
OR2T7
OR2T2
CYP21A2
OR2T3
OR2T5
ZBTB12
CFB
LY6G6F
LY6G6D
MSH5-SAPCD1
LY6G6E
TNXB
C2
MPIG6B
RNF5
NELFE
AGER
AC244489.1
PRRT1
LY6G6C
AC244489.2
DDAH2
SAPCD1
PPT2
VWA7
ZBTB12
VARS1
SKIV2L
CFB
CLIC1
LSM2
DXO
HSPA1L
HSPA1A
HSPA1B
NELFE
SNHG32
STK19
EGFL8
MSH5
AGPAT1
NEU1
SKIV2L
C4A
SLC44A4
PBX2
MMP28
DXO
EHMT2
GPSM3
RNF5
NOTCH4
STK19
VARS1
TAF15
LSM2
AGER
CYP21A2
TSBP1
HSPA1L
HSPA1A
HSPA1B
C4A
SNHG32
SDCCAG8
HEATR9
TNXB
NEU1
BTNL2
CR753845.7
ATF6B
C4B
HLA-DRA
CCL5
CYP21A2
C2
HLA-DRB4
RDM1
HLA-DRB1
FKBPL
HLA-DQA1
PRRT1
SLC44A4
HLA-DQB1
AC044810.10
PPT2
OR5P2
OR5P3
OR10A6
OR10A3
CYP21A2
NLRP10
ZBTB12
CFB
EHMT2
HLA-DQA2
HLA-DQB2
LYZL6
CCL16
TAP2
TNXB
CCL14
CCL15-CCL14
CCL15
PBX2
CCL23
EGFL8
ATF6B
CCL18
GPSM3
PSMB8
CCL3
NELFE
CCL4
NOTCH4
TBC1D3B
PSMB9
AGPAT1
FKBPL
PRRT1
TAP1
CCL3L3
TSBP1
PPT2
CCL4L2
HLA-DMB
SKIV2L
TBC1D3I
C2
RNF5
BTNL2
HLA-DMA
HLA-DRA
TBC1D3G
BRD2
AGER
HLA-DRB4
TSBP1
TBC1D3H
HLA-DRB1
DXO
HLA-DQA1
TBC1D3F
ZNHIT3
HLA-DQB1
OBP2B
BTNL2
ZBTB12
CFB
STK19
HLA-DQA2
HLA-DRA
HLA-DQB2
ABO
HLA-DRB1
HLA-DOB
HLA-DOA
SURF6
HLA-DQA1
MYO19
HLA-DPA1
MED22
TAP2
HLA-DPB1
HLA-DQB1
C4B
NELFE
RPL7A
PSMB8
HLA-DQA2
HLA-DQB2
HLA-DOB
COL11A2
TAP2
PSMB9
AL593848.2
SURF1
PIGW
SKIV2L
GGNBP2
TAP1
SURF2
PSMB8
PBX2
SURF4
DHRS11
HLA-DMB
GPSM3
RXRB
PSMB9
MRM1
DXO
NOTCH4
LHX1
HLA-DMA
TAP1
AATF
AKT3
STKLD1
SLC39A7
CYP21A2
TSBP1
HLA-DMB
REXO4
STK19
BTNL2
HSD17B8
HLA-DMA
HLA-DRA
RING1
ACACA
HLA-DRB4
VPS52
ADAMTS13
AL844853.5
BRD2
C4A
HLA-DQA1
HLA-DOA
FOXR1
TNXB
HLA-DPA1
CENATAC
HLA-DPB1
HLA-DQB1
ATF6B
RPS25
HLA-DQA2
HLA-DQB2
TRAPPC4
HLA-DOB
COL11A2
TAP2
TNXB
FKBPL
SLC37A4
CACFD1
PRRT1
PSMB8
HYOU1
RXRB
SLC2A6
PRRT1
PPT2
PSMB9
SLC39A7
PPT2
TAP1
HSD17B8
RING1
HLA-DMB
VPS52
HLA-DMA
AL845464.1
AL662828.1
EGFL8
BRD2
EGFL8
C17orf78
TADA2A
AGPAT1
HLA-DOA
AGPAT1
HLA-DPA1
RPS18
HLA-DPB1
DUSP14
B3GALT4
WDR46
RNF5
VPS11
SYNRG
AGER
COL11A2
PFDN6
RGL2
RNF5
AGER
RXRB
TAPBP
SLC39A7
HSD17B8
RING1
DDX52
BRD2
ZBTB22
VPS52
DAXX
HNF1B
RPS18
TBC1D3K
PBX2
BCL7A
GPSM3
B3GALT4
HLA-DOA
WDR46
TBC1D3L
HLA-DPA1
MRPL45
MLXIP
NOTCH4
PFDN6
GPR179
HLA-DPB1
SOCS7
RGL2
TSBP1
ARHGAP23
COL11A2
SRCIN1
BTNL2
HLA-DRA
TAPBP
PBX2
HLA-DRB3
EPOP
MLLT6
VPS52
ZBTB22
GPSM3
HLA-DRB1
DAXX
AC006449.4
CISD3
NOTCH4
PCGF2
PSMB3
PIP4K2B
HLA-DQA1
TSBP1
CWC25
HLA-DQB1
C17orf98
RPS18
BTNL2
HLA-DQA2
KIFC1
HLA-DQB2
HLA-DRA
TAP2
PHF1
HLA-DRB3
KAT6B
PSMB8
HLA-DRB1
PSMB9
CUTA
TAP1
HLA-DMB
SYNGAP1
HLA-DQA2
HLA-DMA
HLA-DQB1
ZBTB9
BRD2
HLA-DQB2
HLA-DOB
TAP2
PSMB8
HLA-DOA
HLA-DPA1
PSMB9
HLA-DPB1
C13orf46
TAP1
COL11A2
HLA-DMB
RASA3
HLA-DMA
BRD2
RXRB
LEUTX
SLC39A7
DYRK1B
HSD17B8
DUSP29
RING1
VPS52
HLA-DOA
HLA-DPA1
FBL
HLA-DPB1
FCGBP
PSMC4
RPS18
B3GALT4
WDR46
ZNF546
PFDN6
ZNF780B
RGL2
COL11A2
ZNF780A
ZNF445
ZNF852
TAPBP
ZKSCAN7
RXRB
ZBTB22
DAXX
ZNF660
ZNF197
KIFC1
SLC39A7
ZNF35
HSD17B8
RING1
ZNF502
ZNF501
KIAA1143
VPS52
KIF15
NDUFA6
AC254560.1
TCF20
RPS18
B3GALT4
WDR46
TMEM42
TGM4
PFDN6
RGL2
TAPBP
PADI1
PADI3
ZBTB22
DAXX
PADI4
PADI6
RCC2
RPS6KA1
HNRNPR
AL356585.11
MAGI1
ZNF436
TCEA3
ASAP3
BCL2L14
E2F2
ID3
SLC25A26
FOXO6
LRP6
MANSC1
BORCS5
DUSP16
ATAD1
KLLN
PTEN
SLC16A1
AC254979.6
GOLGA8T
AC254952.1
ARHGAP11B
GOLGA8Q
GOLGA8N
AC254945.2
SCG5
PRAMEF11
HNRNPCL1
PRAMEF2
GREM1
PRAMEF4
PRAMEF10
PRAMEF7
PRAMEF6
PRAMEF27
HNRNPCL3
PRAMEF25
HNRNPCL2
PRAMEF26
HNRNPCL4
PRAMEF9
PRAMEF13
PRAMEF18
PRAMEF5
PRAMEF8
PRAMEF33
SERTAD4
HHAT
HYDIN
PRSS21
ZG16B
PRSS22
CALB2
AL357556.3
B3GALNT2
GNG4
AC254788.1
TCF20
RYBP
FRG1
FRG2
CT476828.29
CT476828.20
CT476828.13
CT476828.18
CT476828.31
CT476828.17
CT476828.23
CT476828.32
CT476828.22
CT476828.24
HM190170.1
PTPRD
FO681507.1
ACR
IBTK
INO80D
TPBG
NDUFS1
PLCL2
CYP2D6
EEF1B2
TCF20
GPR1
CTAGE1
ZDBF2
SRY
RPS4Y1
ZFY
TGIF2LY
PCDH11Y
TSPY2
AMELY
TBL1Y
DCHS2
PRKY
TSPY4
TSPY8
TSPY3
PRKAR2B
TSPY1
TSPY9P
TSPY10
HBP1
SMURF1
COG5
USP9Y
KPNA7
CYP2D6
GPR22
DDX3Y
DUS4L
BCAP29
TCF20
UTY
CSN2
MAP4K1
MUC6
STATH
HTN3
MUC2
MUC5AC
HTN1
PRR27
EIF3K
ACTN4
LGALS7B
LGALS7
LGALS4
ECH1
AC008982.3
HNRNPL
C17orf97
RFLNB
RINL
VPS53
SIRT2
MGAT4C
LLGL1
NFKBIB
FLII
CCER2
SARS2
AC011455.3
MRPS12
FBXO17
MIEF2
AC270107.1
AC270107.3
AC270107.2
AC270107.7
AC270107.9
AC270107.6
AC270107.5
TOP3A
SMCR8
SHMT1
EVPLL
LGALS9C
TMEM159
ZP2
KIR3DL3
KIR2DL3
ANKS4B
KIR2DL1
AC241640.1
AC241640.2
NPIPB5
AC241410.1
POLR3E
CTIF
EEF2K
MOSMO
PDZD9
AC241401.2
AC241401.1
NPIPB13
KIR2DL4
AC241409.1
METTL9
IGSF6
AC256236.1
NPIPB3
KIR3DL1
KIR3DL2
KIR3DL3
KIR2DL3
KP420446.6
KIR2DL4
PRAMEF27
HNRNPCL3
TNK1
PRAMEF25
HNRNPCL2
KIR3DL1
PRAMEF26
HNRNPCL4
PRAMEF9
PRAMEF5
PLSCR3
PRAMEF8
PRAMEF33
KIR2DS4
KIR3DL2
TMEM256-PLSCR3
TMEM256
NLGN2
SPEM1
SPEM2
SPEM3
AC113189.13
TMEM102
FGF11
KIR3DL3
KIR2DL3
CHRNB1
KIR2DL1
KIR2DL3
KU645198.1
FCAR
KIR2DL4
ZBTB4
SLC35G6
POLR2A
KIR3DL1
FRG1
KIR3DL2
FRG2
CT476828.28
CT476828.30
CT476828.27
CT476828.11
CT476828.26
CT476828.16
CT476828.19
CT476828.21
CT476828.15
CT476828.25
CT476828.12
DUX4
PLEKHM3
CRYGD
CRYGC
CYP2D6
KIR3DL3
KIR2DL3
KU645196.5
KU645196.2
CYP2D7
TCF20
KU645196.6
KIR2DS3
KIR2DL3
KU645196.8
KU645196.1
KIR3DL3
KIR2DL3
KIR2DL1
KIR3DS1
KIR2DL4
KIR2DS5
KIR2DS1
KU645197.2
KU645196.4
ZYX
KIR3DL1
KIR2DL1
EPHA1
KIR3DL2
SLC25A24
TAS2R60
TAS2R41
CTAGE15
CTAGE6
OR2F2
OR2F1
OR6B1
GCNT2
KIR3DL3
KIR2DL3
C6orf52
KP420443.3
PAK1IP1
FCAR
TMEM14C
KP420444.3
KIR2DL4
KIR3DL1
KIR3DL2
KIR2DL4
KP420440.5
KP420440.1
KIR2DL5B
KIR2DS3
KP420440.6
KIR2DL4
TRIM17
KIR3DS1
H3-4
KP420440.7
H2AW
H2BU1
RNF187
KIR2DS1
ADAMTS2
RHOU
KP420440.3
RUFY1
HNRNPH1
AC270227.3
CBY3
CANX
TMSB4Y
VCY
VCY1B
NLGN4Y
MAML1
LTC4S
MGAT4B
CDY2B
CDY2A
HSFY1
HSFY2
SQSTM1
MRNIP
KDM5D
KP420441.2
TBC1D9B
KP420441.4
KP420441.1
EIF1AY
KP420441.3
RPS4Y2
KP420441.5
RBMY1B
KIR3DS1
KIR3DL2
RBMY1A1
RBMY1D
FCAR
RBMY1E
PRY2
RBMY1F
AC245128.109
RBMY1J
PRY
BPY2
DAZ1
OR4C12
DAZ2
PRYP3
CDY1B
BPY2B
DAZ3
KIR2DS5
DAZ4
OR2A5
OR2A25
OR2A12
OR2A2
OR2A14
CTAGE4
ARHGEF35
OR2A42
AC245175.1
OR2A7
CTAGE8
AC245175.2
AC256203.1
OR2A1
AC256203.2
AC243837.2
AC243837.1
AC243837.3
AC243837.4
ARHGEF5
NOBOX
AC004864.1
BPY2C
CDY1
MCPH1
KIR2DS1
AGPAT5
XKR5
DEFB1
DEFA6
DEFA4
DEFA1
AC270300.1
DEFA1B
AC270300.2
DEFA3
DEFA5
AC084018.4
FAM90A7P
PRR23D1
DEFB107B
DEFB105B
DEFB106A
DEFB104A
SPAG11A
DEFB103A
DEFB4B
AC270258.1
ZNF705B
USP17L4
TUBA3C
USP17L3
FAM90A23P
AC275401.2
AC275401.5
ZNF705D
DEFB130A
TPTE2
DEFB134
DEFB135
DEFB136
AC270285.3
FP565260.4
FDFT1
FP565260.3
AC270285.1
C8orf49
MPHOSPH8
GATA4
GATD3B
PSPC1
FP565260.2
ZMYM5
AC270286.1
FP565260.1
AC270272.2
AC270272.1
FP565260.6
ZMYM2
SLC35G5
MTMR9
CU639417.1
AC270301.3
SIK1B
AC105001.2
SOX7
C8orf74
PRSS55
GJA3
CBSL
GJB2
MSRA
GJB6
KIR3DL3
KIR2DL3
KIR2DL1
CRYL1
TNKS
IFT88
U2AF1L5
KIR2DL4
IL17D
KIR3DL2
EEF1AKMT1
XPO4
CRYAA2
LATS2
SAP18
ZFP1
PPP1R3B
CTRB2
CTRB1
SKA3
MFHAS1
KIR3DL1
CLDN23
MRPL57
SMIM11B
BCAR1
FAM243B
SMIM34B
FAM90A9P
ZDHHC20
DEFB107A
KCNE1B
DEFB105B
DEFB106B
DEFB104B
MICU2
SPAG11B
DEFB103A
FGF9
DEFB4A
KIR3DL2
AC270273.1
ZNF705G
USP17L7
USP17L2
AC270273.5
AC270293.1
SGCG
LONRF1
SACS
TNFRSF19
TPTE
AC270289.3
MIPEP
AC270289.4
C1QTNF9B
AL359736.1
SPATA13
POTED
C1QTNF9
LIPI
PARP4
RBM11
ATP12A
HSPA13
SAMSN1
RNF17
CENPJ
NRIP1
PABPC3
AMER2
USP25
MTMR6
NUP58
ATP8A2
SHISA2
RNF6
CDK8
WASF3
GPR12
USP12
RPL21
RASL11A
GTF3A
MTIF3
LNX2
POLR1D
KIR2DL1
GSX1
PDX1
CDX2
KIR2DL4
URAD
FLT3
CXADR
PAN3
KIR3DL1
BTG3
FLT1
C21orf91
DHRS4
CHODL
KIR2DS4
RUVBL1
KIR3DL2
TMPRSS15
FCAR
FCAR
POMP
EEFSEC
SLC46A3
CARMIL3
MTUS2
SLC7A1
AC245128.82
UBL3
CPNE6
NCAM2
KATNAL1
UBE2L5
HMGB1
USPL1
ALOX5AP
NRL
MEDAG
TEX26
MRPL39
HSPH1
PCK2
JAM2
ATP5PF
GABPA
B3GLCT
RXFP2
APP
C3orf52
FRY
DCAF11
GCSAM
SLC9C1
ZAR1L
BRCA2
CYYR1
N4BP2L1
ADAMTS1
TWIST2
ADAMTS5
AL136295.9
FITM1
N4BP2L2
N6AMT1
PSME1
LTN1
ADIPOR2
KIR3DL3
PDS5B
RWDD2B
KIR2DL3
KIR2DL1
USP16
CACNA2D4
KL
STARD13
KIR2DL4
CCT8
EMC9
PSME2
MAP3K7CL
KIR3DL1
RFC3
NDUFS3
NBEA
PTPMT1
KIR3DL2
KBTBD4
BACH1
FAM180B
C1QTNF4
RNF31
MTCH2
GRIK1
MAB21L1
DCLK1
AGBL2
GSDMC
CLDN17
CLDN8
SOHLH2
KRTAP24-1
KRTAP25-1
KRTAP26-1
KRTAP27-1
KRTAP23-1
KRTAP13-2
KRTAP13-1
KRTAP13-3
CCDC169-SOHLH2
KRTAP13-4
KRTAP15-1
KRTAP19-1
KRTAP19-2
KRTAP19-3
KRTAP19-4
KRTAP19-5
KRTAP19-6
KRTAP19-7
HMX1
KRTAP22-2
CCDC169
KRTAP6-3
KRTAP6-2
KRTAP22-1
KRTAP6-1
KRTAP20-1
KRTAP20-4
FNBP4
KRTAP20-2
KRTAP20-3
KRTAP21-3
AL136295.10
KRTAP21-2
KRTAP21-1
KRTAP8-1
KRTAP7-1
LRTM2
KRTAP11-1
TIAM1
IRF9
DCP1B
SPART
KRTAP19-8
SOD1
REC8
SCAF4
CCNA1
SERTM1
RFXAP
SMAD9
ALG5
HUNK
IPO4
CACNA1C
EXOSC8
MIS18A
MRAP
URB1
DNAJC8
ATP5IF1
SUPT20H
SESN2
MED18
CFAP298-TCP10L
OOSP1
OOSP4A
OOSP4B
OOSP2
EVA1C
AC226593.1
XYLT1
TCP10L
CFAP298
AL136295.13
SYNJ1
TM9SF1
AL136295.20
TSSK4
PAXBP1
CHMP4A
CSNK1A1L
POSTN
MDP1
NEDD8-MDP1
C21orf62
OLIG2
NEDD8
OLIG1
AP000295.1
IFNAR2
GMPR2
IL10RB
TRPC4
IFNAR1
IFNGR2
TMEM50B
DNAJC28
GART
UFM1
FREM2
STOML3
AC213033.3
PROSER1
NHLRC3
LHFPL6
COG6
SON
BOP1
FOXO1
MRPS31
SLC25A15
DONSON
HSF1
ELF1
AP000311.1
WBP4
KBTBD6
CRYZL1
KBTBD7
TINF2
MTRF1
DGAT1
NAA16
TGM1
RGCC
SCRT1
VWA8
TMEM249
ITSN1
AC233992.6
SLC52A2
RABGGTA
DGKH
FBXL6
ADCK5
CPSF1
DHRS1
AKAP11
TNFSF11
NOP9
DNAJC18
FAM216B
EPSTI1
AC118282.7
AC270106.1
CIDEB
DNAJC15
LTB4R2
SLC39A4
ENOX1
LTB4R
AC147067.5
CCDC122
ADCY4
LACC1
AL512506.3
VPS28
SMIM2
SERP2
TSC22D1
NUFIP1
GPALPP1
RIPK3
GTF2F2
KCTD4
TPT1
NFATC4
SLC25A30
COG3
ERICH6B
ATP5PO
MDN1
CBY2
SIAH3
ZC3H13
CPB2
MRPS6
SLC5A3
KCNE2
LCP1
SMIM11A
MGAT4C
FAM243A
SMIM34A
KCNE1
RCAN1
LRRC63
CASP8AP2
RUBCNL
CLIC6
RUNX1
GJA10
SETD4
LRCH1
ESD
HTR2A
CBR1
SUCLA2
SGPP1
CBR3
AC142391.2
DOP1B
NUDT15
MORC3
MED4
ECSCR
CHAF1B
ITM2B
CLDN14
RB1
SIM2
LPAR6
HLCS
RCBTB2
RIPPLY3
PIGP
TTC3
CYSLTR2
FNDC3A
MLNR
CDADC1
CAB39L
SMIM33
AL133173.7
SETDB2
PHF11
VPS26C
STING1
RCBTB1
DYRK1A
ARL11
EBPL
KPNA3
SPRYD7
TRIM13
KCNRG
KCNJ6
DLEU7
KCNJ15
RNASEH2B
ERG
PPFIA1
SYT8
ETS2
CTTN
TNNI2
LSP1
PSMG1
MG910337.3
BRWD1
PRR33
TNNT3
HMGN1
C13orf42
FAM124A
SERPINE3
INTS6
GET1
NAALAD2
GET1-SH3BGR
WDFY2
AL162377.3
LCA5L
DHRS12
MRPL23
TMEM272
CHORDC1
CCDC70
ATP7B
SH3BGR
B3GALT5
IGSF5
PCP4
DSCAM
ISLR
STRA6
BACE2
FAM3B
MX2
TNRC6A
MX1
ALG11
TMPRSS2
SLC5A11
UTP14C
NEK5
NEK3
C1R
CCDC33
RIPK4
THSD1
PRDM15
ARHGAP17
VPS36
CYP11A1
C1RL
CKAP2
SEMA7A
RBP5
HNRNPA1L2
CLSTN3
SUGT1
UBL7
ATP4B
GRK1
CNMD
PCDH8
OLFM4
C2CD2
PEX5
ZBTB21
PRR20A
PRR20C
UMODL1
PRR20B
FAM20C
PRR20D
PRR20E
PCDH17
AC187652.1
DIAPH3
ABCG1
MG910339.1
TFF3
TFF2
TFF1
TMPRSS3
TDRD3
UBASH3A
PCDH20
AL592490.1
AL445989.1
AL445238.1
FO681492.2
PCDH9
NPY4R2
RSPH1
FAM25C
SLC37A1
KLHL1
PDE9A
DACH1
AC275546.3
AC275546.4
AC275546.1
AC275546.2
AC270129.2
AC270129.3
AC270129.4
AC275254.1
AC256223.3
MZT1
AC256223.4
AC256223.1
BORA
AC275673.1
OR4M2
OR4N4
AC270156.1
AC270156.2
AC270156.3
AC256230.2
AC256230.1
AC270149.2
POTEB
DIS3
OR4F4
AC256234.2
AC256234.1
AC255360.1
AC269752.2
AC270091.2
AC270091.1
AC278124.1
AC275614.1
AC256231.2
AC256221.1
AC256221.2
AC270239.2
AC207582.2
AC270239.1
AC207582.1
NIPA1
CYFIP1
AC270170.1
GOLGA6L1
PIBF1
GOLGA8DP
AC275284.3
AC275284.2
AC275284.4
AC275284.1
GOLGA6L2
AC270153.1
KLF5
MAGEL2
NDN
KLF12
TBC1D4
COMMD6
UCHL3
LMO7
MG910338.1
MG910338.3
MG910335.1
MG910335.3
MCTS1
C1GALT1C1
CT47B1
CT47A6
CT47A4
CT47A1
GLUD2
WDR4
KCTD12
ACOD1
NDUFV3
ERVH48-1
PKNOX1
CLN5
AC001226.2
FBXL3
CBS
MYCBP2
U2AF1
SCEL
CRYAA
SIK1
HSF2BP
H2BS1
RRP1B
PDXK
SLAIN1
EDNRB
GATD3A
AC136352.4
AC136352.3
AC171558.3
AC171558.1
CSTB
RRP1
POU4F1
OBI1
RBM26
AGPAT3
NDFIP2
GCGR
AP001054.1
TRAPPC10
SPRY2
MCRIP1
SLITRK1
PWP2
SLITRK6
ICOSLG
DNMT3L
PPP1R27
SLITRK5
AIRE
PFKL
GPC5
GPC6
DCT
CFAP410
TGDS
TRPM2
GPR180
SOX21
ABCC4
LRRC3
TSPEAR
KRTAP10-1
KRTAP10-2
KRTAP10-3
KRTAP10-4
AC092854.1
KRTAP10-5
KRTAP10-6
KRTAP10-7
KRTAP10-8
KRTAP10-9
KRTAP10-10
KRTAP10-11
KRTAP12-4
KRTAP12-3
KRTAP12-2
KRTAP12-1
KRTAP10-12
CLDN10
UBE2G2
DZIP1
KIR3DL3
SUMO3
KIR2DL3
DNAJC3
KIR2DL1
UGGT2
ITGB2
KIR2DL4
HS6ST3
OXGR1
MBNL2
KIR3DL1
RAP2A
PTTG1IP
FAM207A
IPO5
KIR2DS4
KIR3DL2
ADARB1
FARP1
POFUT2
RNF113B
COL18A1
STK24
SLC15A1
SLC19A1
DOCK9
PCBP3
UBAC2
GPR18
COL6A1
GPR183
TM9SF2
CLYBL
COL6A2
ZIC5
ZIC2
PCCA
FTCD
GGACT
SPATC1L
TMTC4
LSS
NALCN
MCM3AP
SAA1
HPS5
ITGBL1
YBEY
DDX51
FGF14
C21orf58
TPP2
NOC4L
PCNT
GTF2H1
GALNT9
AP000471.1
METTL21C
DIP2A
CCDC168
TEX30
POGLUT2
BIVM-ERCC5
LDHA
BIVM
ERCC5
S100B
SLC10A2
PRMT2
DAOA
MG910336.2
MG910336.1
EFNB2
ARGLU1
FAM155A
LIG4
ABHD13
TNFSF13B
MYO16
IRS2
COL4A1
COL4A2
RAB20
NAXD
CARS2
ING1
ANKRD10
ARHGEF7
TEX29
SOX1
SPACA7
TUBGCP3
ZSWIM4
NANOS3
C19orf57
ATP11A
CC2D1A
MCF2L
PODNL1
DCAF15
RFX1
RLN3
OR11H1
IL27RA
PALM3
POTEH
MISP3
C19orf67
F7
SAMD1
PRKACA
F10
CCT8L2
ASF1B
ADGRL1
PROZ
PCID2
XKR3
GAB4
CTDNEP1
TMEM121B
IL17RA
AC003688.4
CUL4A
HDHD5
ELP5
ADA2
LAMP1
GRTP1
ADPRHL1
CLDN7
CECR2
DCUN1D2
SLC2A4
TMCO3
SLC25A18
TFDP1
YBX2
ATP4B
ATP6V1E1
GRK1
TMEM255B
EIF5A
GAS6
C13orf46
RASA3
BCL2L13
CFAP97D2
GPS2
CDC16
TUBB8B
USP14
BID
AC026954.6
THOC1
NEURL4
UPF3A
MICAL3
CHAMP1
COLEC12
CETN1
CLUL1
ACAP1
TYMS
KCTD11
TMEM95
ENOSF1
PEX26
TUBA8
YES1
USP18
ADCYAP1
GGTLC3
TMEM191B
RIMBP3
FAM246B
DGCR6
METTL4
AC007326.4
NDC80
PRODH
SMCHD1
EMILIN2
LPIN2
DGCR2
MYOM1
ESS2
TSSK2
GSC2
SLC25A1
MYL12A
CLTCL1
MYL12B
TGIF1
HIRA
DLGAP1
DGCR8
C22orf39
MRPL40
UFD1
CDC45
AKAIN1
ZBTB14
CLDN5
EPB41L3
SEPTIN5
AC000093.1
GP1BB
TBX1
GNB1L
RTL10
TXNRD2
TMEM200C
L3MBTL4
ARHGAP28
LAMA1
COMT
LRRC30
PTPRM
ARVCF
RAB12
MTCL1
TANGO2
NDUFV2
ANKRD12
TWSG1
RALBP1
TRMT2A
PPP4R1
RANBP1
RAB31
ZDHHC8
TXNDC2
VAPA
CCDC188
RTN4R
DGCR6L
APCDD1
NAPG
USP41
ZNF74
PIEZO2
SCARF2
AC007731.4
KLHL22
MED15
SLC35G4
GNAL
CHMP1B
PI4KA
MPPE1
DEFB125
DEFB126
DEFB127
DEFB128
DEFB129
DEFB132
C20orf96
ZCCHC3
SOX12
NRSN2
TRIB3
SERPIND1
SNAP29
RBCK1
CRKL
AIFM3
TBC1D20
IMPA2
ANKRD62
LZTR1
CSNK2A1
CIDEA
TUBB6
THAP7
P2RX6
AFG3L2
PRELID3A
SLC7A4
LRRC74B
SPIRE1
GGT2
FAM246A
RIMBP3B
HIC2
TMEM191C
PSMG2
RIMBP3C
UBE2L3
CEP76
YDJC
CCDC116
SDF2L1
PPIL2
TCF15
SRXN1
AL121758.1
SCRT2
PTPN2
SLC52A3
FAM110A
ANGPT4
RSPO4
PSMF1
TMEM74B
C20orf202
RAD21L1
YPEL1
MAPK1
SEH1L
SNPH
SDCBP2
PPM1F
AL136531.2
CEP192
FKBP1A
TOP3B
NSFL1C
SIRPB2
SIRPD
AL049634.2
SIRPB1
VPREB1
SIRPG
ZNF280B
ZNF280A
LDLRAD4
PRAME
SIRPA
PDYN
FAM210A
STK35
AL121899.2
TGM3
TGM6
GGTLC2
RNMT
SNRPB
AL049650.1
ZNF343
MC5R
MC2R
IGLL5
ZNF519
TMC2
NOP56
RSPH14
GNAZ
RAB36
POTEC
BCR
ANKRD30B
IDH3B
ROCK1
EBF4
CPXM1
IGLL1
AL035460.1
C20orf141
GREB1L
TMEM239
DRICH1
PCED1A
ESCO1
VPS16
RGL4
SNRPD1
ABHD3
MIB1
ZNF70
VPREB3
C22orf15
CHCHD10
PTPRA
MMP11
GATA6
CTAGE1
SMARCB1
RBBP8
GNRH2
MRPS26
OXT
AVP
UBOX5
FASTKD5
LZTS3
DERL3
DDRGK1
ITPA
CABLES1
SLC2A11
TMEM241
SLC4A11
C20orf194
RIOK3
ATRN
RMC1
GFRA4
ADAM33
AP000350.4
MIF
GSTT2B
NPC1
DDTL
DDT
AC253536.7
GSTT4
ANKRD29
SIGLEC1
CABIN1
HSPA12B
LAMA3
C20orf27
SPEF1
SUSD2
CENPB
GGT5
CDC25B
SPECC1L
AP5S1
MAVS
SPECC1L-ADORA2A
PANK2
ADORA2A
RNF24
UPB1
SMOX
GUCD1
ADRA1D
PRNP
SNRPD3
PRND
AP000356.5
RASSF2
LRRC75B
SLC23A2
GGT1
TTC39C
TMEM230
CABYR
PCNA
CDS2
PROKR2
PIWIL3
SGSM1
OSBPL1A
GPCPD1
TMEM211
SHLD1
KIAA1671
CHGB
TRMT6
CRYBB3
MCM8
CRYBB2
IMPACT
LRP5L
HRH4
AL035461.3
CRLS1
GRK3
LRRN4
ZNF521
FERMT1
MYO18B
BMP2
SS18
HAO1
TMX4
PLCB1
SEZ6L
PSMA8
TAF4B
KCTD1
AQP4
ASPHD2
PLCB4
CHST9
HPS4
CDH2
SRRD
TFIP11
DSC3
DSC2
LAMP5
PAK5
TPST2
ANKEF1
DSC1
CRYBB1
CRYBA4
DSG1
DSG4
SNAP25
MKKS
DSG3
AL034430.1
AL034430.2
SLX4IP
DSG2
JAG1
TTR
B4GALT6
SLC25A52
TRAPPC8
MN1
PITPNB
BTBD3
RNF125
RNF138
SPTLC3
ISM1
GAREM1
TASP1
MEP1B
ESF1
NDUFAF5
TTC28
KLHL14
SEL1L2
CCDC178
CHEK2
MACROD2
FLRT3
KIF16B
ASXL3
SNRPB2
OTOR
PCSK2
NOL4
BFSP1
DSTN
RRBP1
DTNA
HSCB
CCDC117
BANF2
XBP1
SNX5
ZNRF3
C22orf31
KREMEN1
EMID1
OVOL2
MGME1
KAT14
RHBDD3
PET117
ZNF133
EWSR1
MAPRE2
DZANK1
ZNF397
POLR3F
ZSCAN30
RBBP9
ZNF24
SEC23B
ZNF396
AC007998.2
GAS2L1
INO80C
GALNT1
RASL10A
AP1B1
C18orf21
RPRD1A
SMIM26
AL121900.1
DTD1
SLC39A6
RFPL1
NEFH
SCP2D1
THOC5
SLC24A3
ELP2
RIN2
NAA20
CRNKL1
NIPSNAP1
NF2
CFAP61
MOCOS
FHOD3
INSM1
RALGAPA2
KIZ
TPGS2
XRN2
NKX2-4
NKX2-2
KIAA1328
PAX1
FOXA2
CELF4
SSTR4
THBD
CD93
CABP7
ZMAT5
UQCR10
ASCC2
NXT1
GZF1
NAPB
MTMR3
CSTL1
CST11
CST8
CST9L
CST9
CST3
CST4
CST1
CST2
CST5
GGTLC1
PIK3C3
SYNDIG1
HORMAD2
CST7
APMAP
ACSS1
LIF
OSM
CASTOR1
VSX1
RIT2
AC004997.1
SYT4
TBC1D10A
ENTPD6
SETBP1
SF3A1
SLC14A2
CCDC157
SLC14A1
RNF215
SEC14L2
SIGLEC15
PYGB
EPG5
AC004832.3
MTFP1
SEC14L3
ABHD12
PSTPIP2
SEC14L4
ATP5F1A
SEC14L6
GINS1
NINL
GAL3ST1
HAUS1
NANP
ZNF337
C18orf25
RNF165
PES1
LOXHD1
TCN2
ST8SIA5
SLC35E4
PIAS2
DUSP18
OSBP2
KATNAL2
ELOA3D
ELOA3C
ELOA3B
ELOA3
ELOA2
HDHD2
DEFB115
DEFB116
DEFB118
AC012254.2
DEFB119
IER3IP1
DEFB121
DEFB123
SKOR2
DEFB124
REM1
SMAD2
HM13
MORC2
TUG1
ZBTB7C
MCTS2P
ID1
COX4I2
BCL2L1
SMTN
TPX2
CTIF
MYLK2
SELENOM
FOXS1
SMAD7
DUSP15
INPP5J
DYM
TTLL9
C18orf32
RPL17-C18orf32
PDRG1
RPL17
XKR7
CCM2L
HCK
PLA2G3
RNF185
LIMK2
LIPG
PIK3IP1
ACAA2
TM9SF4
PATZ1
AC090227.2
MYO5B
DRG1
PLAGL2
POFUT1
EIF4ENIF1
KIF3B
CFAP53
ASXL1
MBD1
SFI1
NOL4L
C20orf203
FO393400.1
COMMD7
DNMT3B
PISD
PRR14L
DEPDC5
MAPRE1
EFCAB8
SUN5
BPIFB2
BPIFB6
BPIFB3
BPIFB4
BPIFA2
BPIFA3
BPIFA1
CXXC1
BPIFB1
CDK5RAP1
SKA1
MAPK4
MRO
SNTA1
CBFA2T2
ME2
NECAB3
ELAC1
AC091551.1
SMAD4
MEX3C
DCC
C20orf144
ACTL10
ACTL10
E2F1
PXMP4
ZNF341
MBD2
POLI
CHMP4B
STARD6
C18orf54
RALY
Z82190.2
YWHAH
SLC5A1
DYNAP
RAB27B
C22orf42
CCDC68
RFPL2
EIF2S2
SLC5A4
RFPL3
ASIP
AHCY
RTCB
ITCH
TCF4
ANKRD54
BPIFC
FBXO7
DYNLRB1
MAP1LC3A
SYN3
PIGU
TIMP3
NCOA6
LARGE1
TP53INP2
GGT7
ACSS2
ISX
HMGXB4
TOM1
HMOX1
GSS
MYH9
MCM5
RASD2
MB
MYH7B
APOL6
APOL5
RBFOX2
TRPC4AP
EDEM2
PROCR
MMP24OS
MMP24
APOL3
AL121753.1
EIF6
FAM83C
APOL4
UQCC1
APOL2
APOL1
GDF5
CEP250
TXN2
FOXRED2
EIF3D
C20orf173
ERGIC3
TRIOBP
CACNG2
IFT27
SPAG4
PVALB
NCF4
CPNE1
CSF2RB
TEX33
TST
MPST
KCTD17
TMPRSS6
TXNL1
WDR7
AL109827.1
IL2RB
RBM12
NFS1
C1QTNF6
SSTR3
RAC2
CYTH4
BOD1L2
ST8SIA3
ONECUT2
FECH
ELFN2
ROMO1
MFNG
CARD10
NARS1
RBM39
ATP8B1
CDC42EP1
LGALS2
GGA1
NEDD4L
SH3BP1
Z83844.2
PDXP
LGALS1
NOL12
Z83844.1
H1-0
GCAT
GALR3
EIF3L
PHF20
MICALL1
C22orf23
SCAND1
CNBD2
POLR2F
SOX10
PICK1
EPB41L1
SLC16A8
BAIAP2L2
PLA2G6
AAR2
DLGAP4
MYL9
MAFF
TGIF2
TMEM184B
TGIF2-RAB5IF
RAB5IF
SLA2
CSNK1E
NDRG3
TPTEP2-CSNK1E
DSN1
KCNJ4
KDELR3
DDX17
DMC1
SOGA1
FAM227A
OR4F21
TLDC2
CBY1
ZNF596
SAMHD1
TOMM22
JOSD1
GTPBP1
SUN2
FBXO25
RBL1
TDRP
MROH8
ERICH1
RPN2
DLGAP2
ALPK2
DNAL4
GHRH
MALT1
NPTXR
MANBAL
CBX6
CLN8
APOBEC3A
SRC
APOBEC3B
AC019257.8
BLCAP
APOBEC3C
AL022318.4
APOBEC3D
NNAT
ZNF532
ARHGEF10
APOBEC3F
APOBEC3G
CTNNBL1
APOBEC3H
CBX7
SEC11C
PDGFB
GRP
VSTM2L
RAX
TTI1
KBTBD11
CPLX4
LMAN1
MYOM2
RPL3
RPRD1B
CCBE1
TGM2
PMAIP1
KIAA1755
MC4R
CDH20
BPI
SYNGR1
RNF152
TAB1
LBP
MGAT3
CSMD1
MIEF1
PIGN
AL022312.1
ATF4
RPS19BP1
CACNA1I
MCPH1
RALGAPB
ENTHD1
GRAP2
ANGPT2
Z82206.1
FAM83F
TNRC6B
AGPAT5
XKR5
ADSL
DEFB1
ADIG
DEFA6
ARHGAP40
DEFA4
SLC32A1
ACTR5
DEFA1
DEFA1B
DEFA3
PPP1R16B
DEFA5
FAM83D
DHX35
WASHC1
OR11H12
USP17L1
USP17L4
ZNF705G
FOXD4
DEFB4B
DEFB103B
POTEM
SPAG11B
CBWD1
AL022238.3
TSPO
RELCH
DEFB104B
MAFB
DEFB106B
SGSM3
DEFB105B
TOP1
DEFB107B
PRR23D1
FAM90A7P
FAM90A22P
FAM90A23P
POTEG
PLCG1
FAM90A14P
FAM90A18P
FAM90A16P
FAM90A8P
FAM90A17P
FAM90A19P
FAM90A9P
FAM90A10P
TNFRSF11A
PRR23D2
MRTFA
DEFB107A
DEFB105A
DEFB106A
OR11H2
OR4N2
DEFB104A
OR4Q3
OR4M1
SPAG11A
OR4K2
OR4K5
OR4K1
ZCCHC2
OR4K15
ZHX3
OR4K14
OR4K13
DEFB103A
OR4L1
OR4K17
DEFB4A
OR4N5
ZNF705B
OR11G2
OR11H6
OR11H4
USP17L8
USP17L3
PHLPP1
LPIN3
TTC5
DOCK8
BCL2
EMILIN3
KDSR
CHD6
PRAG1
CCNB1IP1
MCHR1
VPS4B
CLDN23
SLC25A17
MFHAS1
PTPRT
SERPINB5
ERI1
SERPINB12
PPP1R3B
SERPINB13
ST13
SERPINB4
SRSF6
PARP2
SERPINB11
KANK1
AL031681.2
L3MBTL1
SERPINB3
XPNPEP3
DNAJB7
SERPINB7
RBX1
TNKS
EP300
SERPINB2
TEP1
DMRT1
SERPINB10
DMRT3
HMSD
DMRT2
L3MBTL2
SERPINB8
Z98752.3
SGK2
MSRA
CHADL
CDH7
RANGAP1
IFT52
PRSS51
MYBL2
PRSS55
CDH19
RP1L1
GTSF1L
KLHL33
TOX2
C8orf74
SMARCA2
OSGEP
DSEL
SOX7
AC105001.2
JPH2
OSER1
PINX1
TMX3
ZC3H7B
GDAP1L1
TEF
XKR6
APEX1
TOB2
CCDC102B
FITM2
R3HDML
HNF4A
MTMR9
ACO2
DOK6
SLC35G5
CD226
FAM167A
RTTN
TTPAL
PIP4P1
BLK
SERINC3
PNP
PKIG
RNASE10
RNASE9
GATA4
ADA
AL163195.3
PHF5A
RNASE11
POLR3H
CCN5
RNASE12
NEIL2
OR6S1
ANG
KCNK15
RNASE4
RIMS4
AL163636.1
EDDM3A
EDDM3B
YWHAB
RNASE6
CSDC2
RNASE1
PMM1
SOCS6
RNASE3
PABPC1L
RNASE2
POLDIP3
CBLN2
METTL17
NETO1
FDFT1
TOMM34
STK4
DESI1
FBXO15
XRCC6
KCNS1
WFDC5
WFDC12
TIMM21
PI3
SEMG1
SEMG2
SLPI
SLC39A2
CYB5A
MATN4
C18orf63
DIPK1C
RBPJL
CNDP2
SDC4
SYS1
SYS1-DBNDD2
TP53TG5
DBNDD2
SNU13
MEI1
CNDP1
VLDLR
CCDC134
ZNF407
PIGT
SREBF2
ZADH2
TSHZ1
KCNV2
PUM3
SMIM21
SHISA8
ZNF516
CTSB
TNFRSF13C
CENPM
RFX3
LINC00634
SEPTIN3
ZNF236
DEFB136
GLIS3
DEFB135
DEFB134
DEFB130B
WBP2NL
ZNF705D
SLC1A1
NAGA
USP17L7
USP17L2
SPATA6L
NDRG2
FAM86B1
PHETA2
MBP
SMDT1
PLPP6
NDUFA6
CDC37L1
AK3
CYP2D6
DEFB130A
RCL1
FAM86B2
JAK2
LONRF1
INSL6
GALR1
INSL4
RLN2
TCF20
RLN1
PLGRKT
CD274
NFAM1
SALL3
TRMT9B
PDCD1LG2
ATP9B
RIC1
RRP7A
SERHL2
DLC1
ERMP1
KIAA2026
NFATC1
MLANA
RANBP6
IL33
TPD52L3
CYB5R3
UHRF2
C8orf48
SGCZ
WFDC2
SPINT3
EPPIN-WFDC6
GLDC
WFDC6
ATP5MGL
A4GALT
TUSC3
EPPIN
WFDC8
ARFGAP3
WFDC9
WFDC10A
WFDC11
WFDC10B
WFDC13
SPINT4
WFDC3
PACSIN2
DNTTIP1
KDM4C
CTDP1
MSR1
UBE2C
KCNG2
DMAC1
TNNC2
SLC66A2
TTLL1
SNX21
FGF20
PTPRD
HSBP1L1
MICU3
ACOT8
TXNL4A
BIK
AC090360.1
MCAT
ZDHHC2
RBFA
ZSWIM3
ZSWIM1
SPATA25
NEURL2
TTLL12
ADNP2
CNOT7
CTSA
PARD6G
SCUBE1
MPPED1
VPS37A
EFCAB6
MTMR7
SULT4A1
SLC7A2
PNPLA5
TYRP1
PLTP
PNPLA3
LURAP1L
PCIF1
SAMM50
ZNF335
MMP9
PDGFRL
MPDZ
SLC12A5
PARVB
MTUS1
PARVG
NCOA5
CD40
CDH22
SHISAL1
SLC35C2
RTL6
FGL1
PRR5
ELMO2
PCM1
PRR5-ARHGAP8
ZNF334
ARHGAP8
OCSTAMP
SLC13A3
NFIB
TP53RK
SLC2A10
EYA2
PHF21B
ZMYND8
NUP50
ASAH1
KIAA0930
ZDHHC21
CER1
FREM1
UPK3A
FAM118A
TTC39B
SMC1B
RIBC2
FBLN1
SNAPC3
PSIP1
ATXN10
CCDC171
WNT7B
BNC2
PPARA
CNTLN
CDPF1
PKDREJ
TTC38
SH3GL2
ADAMTSL1
GTSE1
TRMU
SAXO1
RRAGA
HAUS6
PLIN2
GOLGA6L6
DENND4C
POTEB2
CELSR1
RPS6
GRAMD4
ACER2
NAT1
POTEB3
CERK
SLC24A2
NAT2
LINC02203
MLLT3
AC135068.1
AC135068.4
TBC1D22A
POTEB
PSD3
FOCAD
AC134980.2
OR4M2
OR4N4
GOLGA6L22
HACD4
IFNB1
NIPA1
IFNW1
IFNA21
IFNA4
IFNA7
IFNA10
IFNA16
IFNA17
IFNA14
IFNA5
KLHL9
IFNA6
IFNA13
IFNA2
NIPA2
SH2D4A
IFNA8
IFNA1
IFNE
MTAP
CSGALNACT1
CYFIP1
AL359922.1
CDKN2A
INTS10
TAFA5
TUBGCP5
LPL
CDKN2B
DMRTA1
BRD1
GOLGA6L1
ELAVL2
SLC18A1
GOLGA8S
ZBED4
ALG12
IZUMO3
GOLGA6L2
TUSC1
MKRN3
MAGEL2
NDN
CAAP1
CRELD2
PLAA
NCOA3
IFT74
NPAP1
ATP6V1B2
SNRPN
PIM3
IL17REL
LRRC19
TTLL8
LZTS1
MLC1
TEK
SULF2
MOV10L1
GFRA2
EQTN
MOB3B
TUBB8
IFNK
SNURF
C9orf72
DOK2
AC124312.1
LINGO2
XPO7
ACO1
TPPP2
PREX1
ZMYND11
PANX2
RNASE13
RNASE7
RNASE8
TRABD
ARHGEF40
ARFGEF2
DDX58
SELENOO
NPM2
TOPORS
CSE1L
SMIM27
TUBGCP6
NDUFB6
ZNF219
TAF1L
FGF17
TMEM215
STAU1
HDAC10
TMEM253
OR5AU1
APTX
DMTN
HNRNPC
DDX27
DIP2C
LARP4B
ZNFX1
MAPK12
GTPBP4
DNAJA1
SMU1
UBE3A
FAM160B2
IDI2
B4GALT1
KCNB1
RPGRIP1
PTGIS
IDI1
SPINK4
MAPK11
BAG1
B4GALT5
WDR37
NUDT18
SLC9A8
HR
SPATA2
RNF114
CHMP5
ADARB2
PLXNB2
NFX1
SNAI1
SUPT16H
PEDS1-UBE2V1
UBE2V1
REEP4
AQP7
CHD8
PEDS1
PFKP
LGI3
CEBPB
DENND6B
AQP3
NOL6
PTPN1
SFTPC
PPP6R2
ATP10A
RIPOR3
ANKRD18B
PARD6B
BCAS4
PITRM1
ADNP
PRSS3
UBE2R2
UBAP2
DPM1
BMP1
DCAF12
UBAP1
GABRB3
MOCS3
KCNG1
KIF24
SBF1
NFATC2
NUDT2
RAB2B
MYORG
C9orf24
FAM219A
KLF6
TOX4
GABRA5
DNAI1
ADM2
ENHO
MIOX
CNTFR
ATP9A
METTL3
GABRG3
RPP25L
DCTN3
SALL4
LMF2
AKR1E2
OCA2
ZFP64
ARID3C
SALL2
SIGMAR1
NCAPH2
OR10G3
OR10G2
GALT
OR4E2
OR4E1
HERC2
AKR1C1
PHYHIP
POLR3D
AL162231.3
PLCXD1
AKR1C2
IL11RA
SCO2
GOLGA8F
TSHZ2
AKR1C3
TYMP
GTPBP6
ZNF217
GOLGA8G
PPP2R3B
BCAS1
PIWIL2
AKR1C8P
CCL27
AL162231.1
SHOX
AKR1C4
CCL19
CRLF2
CYP24A1
CCL21
FAM205A
GOLGA8M
FAM205C
UCN3
PHF24
TUBAL3
PFDN4
DNAJB5
ODF3B
GOLGA6L7
NET1
DOK5
APBA2
KLHDC7B
SLC39A14
SYCE3
CSF2RA
CPT1B
CALML5
C9orf131
DAD1
CALML3
ABHD4
FAM189A1
CBLN4
VCP
MC3R
ASB13
FAM210B
NSMCE3
OR6J1
PPP3CC
AURKA
TASOR2
OXA1L
TJP1
GDI2
CHKB-CPT1B
FANCG
CHKB
SLC7A7
SORBS3
ANKRD16
PIGO
ZNF595
IL3RA
STOML2
MAPK8IP2
ZNF718
FBH1
SLC25A6
ZNF732
ZNF141
ARSA
ASMTL
GOLGA8J
FAM214B
ZNF721
P2RY8
MRPL52
GOLGA8T
AKAP17A
CSTF1
ASMT
CHRFAM7A
PIGG
UNC13B
MMP14
CASS4
PDLIM2
GOLGA8R
RTF2
SHANK3
DHRSX
LRP10
GOLGA8Q
ACR
ZBED1
REM2
GOLGA8H
ARHGAP11B
RABL2B
AC091057.5
RBM23
IL15RA
GCNT7
CD99
FAM209A
FAM209B
TFAP2C
FAN1
BMP7
TMEM271
PDE6B
SPO11
XG
AC037459.1
RAE1
C8orf58
RUSC2
MTMR10
FAM166B
ATP5ME
IL2RA
GYG2
TESK1
CCAR2
MYL5
RBM17
TRPM1
CD72
MTRNR2L3
RBM38
SLC49A3
PRMT5
SIT1
CTCFL
ARSD
CCDC107
PFKFB3
PCGF3
ARSL
ARHGEF39
CA9
TPM2
BIN3
CPLX1
ARSH
KLF13
ARSF
OTUD7A
GAK
TLN1
MXRA5
EGR3
PRKX
PEBP4
CHRNA7
CREB3
RHOBTB2
GBA2
NLGN4X
TNFRSF10B
PRKCQ
RGP1
MSMP
PCK1
HAUS4
VCX3A
NPR2
TMEM175
ZBP1
PUDP
AC107959.5
TNFRSF10C
PMEPA1
STS
SPAG8
TNFRSF10D
TNFRSF10A
HINT2
VCX
C20orf85
ANKRD60
AL133410.3
TMEM8B
PNPLA4
SFMBT2
VCX2
CHMP7
DGKQ
VCX3B
RAB22A
FAM221B
ANOS1
VAPB
OR13J1
HRCT1
R3HCC1
SPAAR
GOLGA8K
OR2S2
ITIH5
AL132780.3
RECK
AJUBA
SLC26A1
FAM9A
APCDD1L
GOLGA8O
IDUA
FAM9B
LOXL2
GLIPR2
STX16
ITIH2
GOLGA8N
CCIN
C14orf93
CLTA
ENTPD4
FGFRL1
TBL1X
ARHGAP11A
GNE
KIN
RNF212
SLC25A37
GPR143
ATP5F1C
PSMB5
SCG5
NKX3-1
SHROOM2
NKX2-6
PSMB11
SPON2
STC1
CDH24
RNF38
CLDN34
STX16-NPEPL1
WWC3
GREM1
TAF3
NPEPL1
ADAM28
FMN1
GATA3
CTBP1
ACIN1
CLCN4
MELK
ADAMDEC1
GNAS
RYR3
MAEA
ADAM7
MID1
CELF2
NEFM
NEFL
DOCK5
UVSSA
C14orf119
LMLN2
CEBPE
SLC7A8
GNRH1
NKX1-1
KCTD9
PAX5
FAM53A
SLBP
HCCS
CDCA2
ARHGAP6
TACC3
EBF2
RNF212B
HOMEZ
PPP2R2A
PPP1R3E
AMELX
TMEM129
BCL2L2
BCL2L2-PABPN1
FGFR3
PABPN1
LETM1
USP6NL
SLC22A17
AVEN
CHRM5
ECHDC3
EMC7
BNIP3L
EFS
MSL3
PROSER2
PGBD4
KATNBL1
IL25
NSD2
UPF2
CMTM5
ZCCHC7
PNMA2
EMC4
DHTKD1
DPYSL2
MYH6
GRHPR
MYH7
SEC61A2
ZBTB5
POLR1E
SLC12A6
ADRA1A
NGDN
FBXO10
NUDT5
AL513165.2
TOMM5
STMN4
AL138752.2
ZFHX2
FRMPD1
CDC123
THTPA
NELFA
TRMT10B
AP1G2
CAMK1D
C4orf48
NAT8L
EXOSC3
POLN
CCDC3
DCAF10
TRIM35
SLC25A51
SHB
OPTN
HAUS3
ALDH1B1
IGFBPL1
FAM95C
MXD4
PTK2B
FAM20C
ANKRD18A
ZFYVE28
FOXL3
FAM240B
PDGFA
CNTNAP3
MCM10
CFAP99
PRKAR1B
POLR3K
SNRNP25
FRMPD4
RNF4
SPATA31A1
NELFCD
JPH4
RHBDF1
PRPS2
DNAAF5
BX664615.2
UCMA
MPG
ANKRD20A2P
TLR7
DHRS2
PHYH
TLR8
TMSB4X
NPRL3
FAM9C
SEPHS1
ATXN3L
SUN1
CTSZ
FAM193A
TUBB1
ATP5F1E
EGFL6
HBZ
BEND7
HBM
PRELID3B
FOXD4L6
DHRS4
TCEANC
RAB9A
HBA2
CBWD6
TRAPPC2
HBA1
CHRNA2
PRPF18
ZNF831
HBQ1
EDN3
LUC7L
OFD1
AL157392.5
PHACTR3
EPHX2
DHRS4L2
FRMD4A
GPM6B
FAM234A
SYCP2
GET4
TNIP2
FAM107B
GEMIN8
NOP10
NUTM1
GLRA2
CARMIL3
SH3BP2
ADAP1
LPCAT4
FANCB
CNTNAP3B
FAM217B
CLU
PPP1R3D
CDH26
CPNE6
GOLGA8A
MOSPD2
ASB9
SPATA31A6
ASB11
GOLGA8B
NRL
PIGA
PCK2
COX19
SCARA3
RGS11
ADD1
SPATA31A5
GJD2
CDH4
CYP2W1
ACTC1
VEGFD
CDNF
SPATA31A7
CCDC25
PIR
AC069544.2
C7orf50
AQR
HSPA14
CNTNAP3C
BMX
GPR146
TAF4
GPER1
SUV39H2
ZNF770
LSM14B
ZFAND2A
AL391987.2
NANOGP8
AL391987.1
DCAF11
ACE2
DPH6
PSMA7
AC097625.1
ARHGDIG
UNCX
SS18L1
CLTRN
ESCO2
MTG2
MICALL2
PDIA2
CA5B
HRH3
CDIN1
DCLRE1C
ZRSR2
AXIN1
MFSD10
PBK
OSBPL2
INTS1
AP1S2
MRPL28
ANKRD20A4P
MAFK
SCARA5
GRPR
NOP14
TMEM184A
MAGEB17
MEIS2
PGAP6
FOXD4L5
CTPS2
NUGGC
PSMG3
AL136295.3
ELFN1
NME4
FITM1
CBWD5
ELP3
PSME1
S100G
GRK4
SYAP1
MAD1L1
TXLNG
RBBP7
ADRM1
DECR2
AC069288.1
REPS2
EMC9
MRM2
LAMA5
HTT
NUDT1
PSME2
PNOC
MEIG1
RAB11FIP3
NHS
TMCO5A
ZNF395
OLAH
SCML1
RPS21
SNX8
ACBD7
CABLES2
CAPN15
RPP38
FBXO16
MSANTD1
SPRED1
RBBP8NL
NMT2
FAM98B
RAI2
GATA5
PRR35
RGS12
EIF3B
BEND2
RNF31
PIGQ
SCML2
RASGRP1
SLCO4A1
FZD3
FAM171A1
ITGA8
EXTL3
NTSR1
CDKL5
MRGBP
MINDY3
OGFR
CHST12
GRIFIN
NHLRC4
LFNG
INTS9
COL9A3
AL136295.5
RAB40C
IRF9
PTER
BRAT1
HGFAC
C1QL3
RSU1
DOK7
WFIKKN1
METTL26
REC8
LRPAP1
CUBN
TCFL5
IQCE
RS1
DIDO1
MCRIP2
PPEF1
ADRA2C
HMBOX1
IPO4
TRDMT1
FOXD4L4
WDR90
PHKA2
GID8
OTOP1
THBS1
SLC17A9
ANKRD20A3P
TMEM128
LYAR
FSIP1
BHLHE23
GPR176
ZBTB49
KIF13B
EIF2AK4
ZNF658
VIM
YTHDF1
NSG1
BIRC7
SPATA31A3
NKAIN4
ADGRG2
AL627230.3
AL627230.1
SRP14
ANKRD20A1
STX18
DUSP4
ST8SIA6
ARFGAP1
BMF
RHOT2
HACD1
BUB1B
CBWD3
STAM
SARAF
TTYH3
AL136295.4
MSX1
TM9SF1
TMEM236
CYTL1
MRC1
STK32B
LEPROTL1
PAK6
AMZ1
AL136295.1
TSSK4
MBOAT4
GNA12
DCTN6
SLC39A12
CHMP4A
CARD11
EVC2
RHBDL1
MDP1
NEDD8-MDP1
BUB1B-PAK6
RBPMS
NEDD8
STUB1
SDK1
PLCB2
EVC
GMPR2
COL20A1
CACNB2
CRMP1
JMJD8
FOXK1
AP5Z1
GTF2E2
CHRNA4
ANKRD63
INAFM2
CCDC9B
SMIM18
PHGR1
WDR24
GSR
DISP2
FOXD4L3
KCNQ2
PGM5
FBXL16
C4orf50
KNSTRN
RADIL
METRN
JAKMIP1
TMEM252
PAPOLB
ANTKMT
MMD2
PIP5K1B
CCDC78
UBXN8
FAM122A
PRKACG
AL358113.1
IVD
FXN
RBAK-RBAKDN
RBAK
PPP2CB
AC092442.1
TJP2
WFS1
WIPI2
TEX15
BAHD1
HAGHL
PDHA1
PURG
CHST14
WRN
CCDC32
PPP2R2C
SLC29A4
CIAO3
MAP3K15
RPUSD2
MAN2B2
KNL1
TNRC18
SH3KBP1
FBXL18
MRFAP1
EEF1A2
MSLN
AC093323.1
RAD51
S100P
PPDPF
NRG1
MRFAP1L1
BLOC1S4
ACTB
TINF2
PTK6
KIAA0232
SRMS
FNDC11
HELZ2
FAM189A2
TBC1D14
TGM1
APBA1
MSLNL
PTAR1
RPUSD1
RABGGTA
GMEB2
C9orf135
RMDN3
FSCN1
CCDC96
TADA2B
GRPEL1
BCLAF3
SORCS2
RNF216
STMN3
GCHFR
MAMDC2
MAP7D2
RTEL1
CHTF18
PSAPL1
DNAJC17
AFAP1
SMC5
C15orf62
OCM
ABLIM2
KLF9
DHRS1
ZFYVE19
CCZ1
EIF1AX
TRPM3
GNG13
NOP9
LMF1
RSPH10B
CIDEB
RPS6KA3
SH3TC1
NSUN6
PPP1R14D
LTB4R2
ARL5B
SPINT1
LTB4R
MALRD1
ADCY4
PMS2
SOX8
SSTR5
C1QTNF8
PLXDC2
HTRA3
RHOV
VPS18
DLL4
CACNA1H
CHAC1
NEBL
AIMP2
INO80
RIPK3
CEMIP2
ACOX3
RTEL1-TNFRSF6B
EIF2AK1
TNFRSF6B
SKIDA1
ARFRP1
NFATC4
ANKRD61
ABHD17B
USP42
C9orf85
MLLT10
CNKSR2
C9orf57
TRMT44
EXD1
GDA
CYTH3
CHP1
ZGPAT
GPR78
CPZ
FAM220A
DUSP22
AC009412.1
RAC1
ZFAND5
AC087721.2
OIP5
HMX1
AL121845.3
LIME1
NUSAP1
TPSG1
DAGLB
TPSB2
FAM90A26
USP17L10
USP17L11
AL121845.2
USP17L12
SLC2A4RG
USP17L13
USP17L15
USP17L17
USP17L18
USP17L19
IRF4
TMC1
USP17L20
USP17L21
USP17L22
TPSAB1
USP17L23
USP17L24
USP17L25
DNAJC1
USP17L26
USP17L5
USP17L27
USP17L28
USP17L29
ZBTB46
USP17L30
EXOC2
DEFB131A
KDELR2
ABHD16B
EBLN1
TPD52L2
AC083977.1
GRID2IP
COMMD3
SLC2A9
NDUFAF1
TPSD1
HUS1B
FUT10
ALDH1A1
RTF1
TTI2
ITPKA
FOXQ1
DRD5
FOXF2
ZDHHC4
LTK
ANXA1
FOXC1
COMMD3-BMI1
UBE2I
MAK16
WDR1
GMDS
RNF122
BMI1
DUSP26
DNAJC5
RPAP1
UCKL1
C7orf26
RORB
ZNF853
ZNF518B
ZNF512B
ZNF316
UNC5D
SAMD10
TRPM6
PRPF6
CLNK
C20orf204
ZNF12
SOX18
SPAG6
TCEA2
TYRO3
MYLK4
HS3ST1
RSPH10B2
WRNIP1
SERPINB1
PIP4K2A
SERPINB9
KCNU1
MGA
C9orf40
KLHL34
RGS19
SMPX
CCZ1B
CARNMT1
ARMC3
MBTPS2
OPRL1
RAB28
NMRK1
YY2
SERPINB6
SMS
MAPKBP1
BAIAP3
LKAAEAR1
MYT1
OSTF1
PHEX
C1GALT1
PCSK5
ZNF703
NKX3-2
BOD1L1
CBLL2
NPBWR2
ERLIN2
PCMTD2
DDX53
COL28A1
PTCHD1
MSRB2
PRDX4
PTF1A
RFK
NYNRIN
C10orf67
CBLN3
GCNT1
ACOT9
KHNYN
MIOS
OTUD1
PRUNE2
RPA3
SDR39U1
JMJD7
CPEB2
UMAD1
KIAA1217
JMJD7-PLA2G4B
NQO2
SAT1
PLPBP
GLCCI1
CMA1
FOXB2
CTSG
GZMH
VPS13A
PLA2G4B
APOO
GZMB
SPTBN5
RIPK1
CXorf58
ICA1
KLHL15
EIF2S3
STXBP6
ADGRA2
BPHL
C1QTNF7
ZFX
EHD4
TUBB2A
BRF2
PLA2G4E
NOVA1
TUBB2B
PLA2G4D
CC2D2A
PSMG4
SUPT20HL2
SUPT20HL1
PDK3
PLA2G4F
RAB11FIP1
PCYT1B
SLC22A23
NXPH1
POLA1
GOT1L1
VPS39
AC144573.1
ADRB3
NDUFA4
EIF4EBP1
TSR3
FOXG1
ASH2L
PHF14
GNPTG
ARHGAP21
ARX
MAGEB18
PXDC1
MAGEB6B
TMEM87A
MAGEB6
MAGEB5
FBXL5
FAM50B
UNKL
GNA14
PPP4R3C
GNAQ
DCAF8L2
THSD7A
MAGEB10
STAR
PRKD1
DCAF8L1
PRPF4B
IL1RAPL1
CEP78
GANC
MAGEB2
LSM1
MAGEB3
C16orf91
MAGEB4
MAGEB1
PERCC1
CCDC154
NR0B1
TMEM106B
BAG4
CXorf21
FAM200B
G2E3
GK
CLCN7
FAM217A
DDHD2
VWDE
PRTFDC1
C6orf201
BST1
AC012651.1
ENKUR
AC013470.2
TAB3
THNSL1
GPR158
PSAT1
SCIN
ECI2
FTHL17
PLPP5
CD38
SCFD1
PTX4
TELO2
FGFBP1
FGFBP2
ARL4A
MYO3A
TLE4
IFT140
NSD3
DMD
COCH
ETV1
PROM1
TMEM204
GAD2
CRAMP1
CDYL
CAPN3
AL031708.1
RPP40
JPT2
STRN3
APBB1IP
LETM2
PDSS1
AP4S1
PPP1R3G
LYRM4
MAPK8IP3
FARS2
ABI1
HECTD1
TLE1
DGKB
NRN1
F13A1
SPATA31D4
SPATA31D3
AGMO
MEOX2
SPATA31D1
LY86
RASEF
CRPPA
FRMD3
HEATR5A
SOSTDC1
FGFR1
LRRC72
TAPT1
RREB1
AL139353.1
IDNK
ANKMY2
NME3
DTD2
UBQLN1
GPR33
NUBPL
MRPS34
BZW2
EME2
GKAP1
LDB2
ARHGAP5
SPSB3
KIF27
AKAP6
ANKRD26
C9orf64
NUBP2
SSR1
TSPAN13
HNRNPK
AGR2
QDPR
NPAS3
YME1L1
CLRN2
AGR3
LAP3
IGFALS
CAGE1
AHR
MED28
HAGH
FAM184B
DCAF16
NCAPG
AC019117.3
EGLN3
LCORL
SPTSSA
RMI1
EAPP
SNX13
MASTL
SLC28A3
FAHD1
MEIOB
SNX6
RIOK1
NTRK2
FAM47A
SLIT2
HS3ST6
TMEM47
MSRB1
FAM47B
MAGEB16
RPL3L
DSP
ACBD5
CFAP47
CFL2
NDUFB10
PRPS1L1
BAZ1A
FAM47C
RPS2
PRRG1
SNRNP48
HDAC9
AF241726.1
BMP6
LANCL3
XK
TXNDC5
CYBB
DYNLT3
AGTPBP1
BLOC1S5-TXNDC5
H2AP
H2AL1RP
SYTL5
BLOC1S5
SRP54
EEF1E1-BLOC1S5
SRPX
EEF1E1
RNF151
TBL3
RPGR
SLC35B3
NAA35
RAB18
GOLM1
C9orf153
MKX
FAM177A1
ISCA1
PACRGL
TUT7
NOXO1
ARMC4
PPP2R3C
OTC
TWIST1
GAS1
TSPAN7
MPP7
GFER
DAPK1
FERD3L
PRORP
POLR1F
SYNGR3
MID1IP1
TMEM196
ZNF106
ZNF598
AL121594.1
BCOR
MACC1
WAC
PSMA6
TFAP2A
NPW
SLC9A3R2
ITGB8
SNAP23
ABCB5
NFKBIA
GCNT2
NTHL1
KCNIP4
INSM2
CTSL
ATP6AP2
RALGAPA1
BAMBI
C6orf52
PAK1IP1
AC018362.3
LRRC57
TMEM14C
LYZL1
SPATA31E1
HAUS2
ADGRA3
AL353572.3
CDK20
SP8
TMEM14B
TACC1
SP4
STARD9
SVIL
SPIN1
CDAN1
DNAH11
NXNL2
TSC2
S1PR3
SHC3
TTBK2
PPARGC1A
AL024498.2
CKS2
SECISBP2
MAK
UBR1
CDCA7L
SEMA4D
GCM2
MPC1L
CXorf38
BRMS1L
SYCP2L
MED14
JCAD
TMEM62
DHX15
MTPAP
ELOVL2
RAPGEF5
MBIP
SMIM13
SOD3
ERVFRD-1
CCDC149
MAP3K8
CCNDBP1
NEDD9
PLEKHA2
GADD45G
LGI2
LYZL2
STEAP1B
SFTA3
USP9X
NKX2-1
HTRA4
SEPSECS
ZNF438
NKX2-8
TMEM170B
TM2D2
PAX9
ADTRP
DIRAS2
SLC25A21
IL6
SYK
PI4K2B
ADAM9
MIPOL1
ZCCHC4
HIVEP1
TOMM7
ZEB1
EPB42
ANAPC4
EDN1
ADAM32
FAM126A
PHACTR1
DDX3X
FOXA1
AUH
TTC6
TGM5
NFIL3
ROR2
KLHL7
SLC34A2
TGM7
TBC1D7
SPTLC1
LCMT2
ADAL
SSTR1
CLEC14A
ARHGAP12
ZSCAN29
TUBGCP4
IARS1
SEL1L3
SEC23A
NUP42
GFOD1
OR4F17
SIRT5
SMIM20
TP53BP1
GPNMB
NOL7
NOL8
GEMIN2
RANBP9
RBPJ
MCUR1
KIF5B
RNF182
MALSU1
PLPP2
CD83
TRAPPC6B
IGF2BP3
ADAM18
MIER2
PNN
JARID2
THEG
C2CD4C
DTNBP1
SHC2
MIA2
MAP1A
CCKAR
ODF3L2
TRA2A
ADAM2
EPC1
MADCAM1
TBC1D19
PPIP5K1
TPGS1
CCDC126
MYLIP
CDC34
GMPR
FAM221A
GZMM
CCDC7
ATXN1
BSG
CENPP
STIM2
STK31
OGN
STMND1
OMD
RBM24
ASPN
IDO1
ECM2
HCN2
ITGB1
IPPK
POLRMT
CAP2
IDO2
BICD2
TCIM
ZNF484
FBXO33
ZMAT4
FGF22
RNF126
FGD3
NPY
SFRP1
NYX
FSTL3
MPP6
CKMT1B
NRP1
LRFN5
GOLGA7
PRSS57
PCDH7
STRC
PALM
FAM8A1
FSCB
NUP153
CASK
SUSD3
C14orf28
GINS4
MISP
KLHL28
GSDME
TOGARAM1
CARD19
GPAT4
NINJ1
ARAP2
WNK2
PRPF39
PTBP1
AC011330.3
NKX6-3
CATSPER2
KIF13A
ANK1
OSBPL3
FKBP3
FANCM
DTHD1
FAM120AOS
CKMT1A
FAM120A
NWD2
C4orf19
MIS18BP1
RELL1
PDIA3
PKD1
PGM2
PHF2
RPL10L
MDGA2
BARX1
ELL3
PTPDC1
PARD3
AC018512.1
TBC1D1
IQSEC3
SERF2
PLPPR3
RPS29
ZNF169
AZU1
NUTM2F
PRTN3
LRR1
SLC6A12
MFSD14B
ELANE
SERINC4
KAT6A
RPL36AL
CFD
MGAT2
FBP2
DNAAF2
FBP1
POLE2
HYPK
MFAP1
PTTG2
AOPEP
WDR76
MED16
FRMD5
KLF3
FANCC
RAB26
KLHDC1
TLR10
SLC6A13
TLR1
NHLRC1
CYCS
TPMT
KLHDC2
TLR6
C7orf31
TRAF7
FAM114A1
KDM1B
GOLM2
AP3M2
KDM5A
NPVF
TMEM156
KLHL5
PTCH1
DEK
CTDSPL2
CASKIN1
NFE2L3
NEMF
R3HDM4
PLAT
WDR19
CCDC77
KISS1R
EIF3J
MLST8
RNF144B
ARID3A
ARF6
B4GALNT3
ID4
SPG11
WDR18
VCPKMT
MBOAT1
HNRNPA2B1
NINJ2
RFC1
SOS2
E2F3
CDKAL1
SOX4
WNK1
KLB
L2HGDH
RPL9
GRIN3B
CUL2
TMEM259
DMAC2L
CDKL1
ERCC6L2
LIAS
IKBKB
MAP4K5
CNN2
HSD17B3
PATL2
ATL1
PRL
B2M
GPR34
GPR82
CREM
HDGFL1
AL160269.1
BRICD5
ABCA7
PPP1R2C
SLC35D2
PGP
TRIM69
MAOA
NRSN1
RAD52
E4F1
SAV1
ZNF367
DCDC2
UGDH
HABP4
KAAG1
MAOB
CDC14B
NIN
MRS2
NDP
TERB2
EFHC2
DNASE1L2
ARHGAP45
SMIM14
SORD
FUNDC1
DUSP21
UBE2K
POLB
KDM6A
GPLD1
ECI1
DUOX2
PRXL2C
PDS5A
ZNF510
DUOXA2
ZNF782
DIPK2B
POLR2E
DUOXA1
ALDH5A1
NUTM2G
ERC1
RNPS1
DKK4
KRBOX4
CTSV
VDAC3
N4BP2
CBX3
GPX4
ZNF674
KIAA0319
RHOH
CHST7
SLC9A7
SNX10
SBNO2
SLC20A2
DUOX1
RP2
JADE3
CCNY
SMIM19
TDP2
CHRNA9
ACOT13
CHRNB3
RBM47
C6orf62
RGN
STK11
SKAP2
CHRNA6
GMNN
THAP1
NDUFB11
CCDC180
RNF170
RBM10
CBARP
GJD4
FZD8
NSUN7
TDRD7
WNT5B
HOXA1
ARMH2
PYGL
HOOK3
AL512428.1
TMOD1
SHF
ATP5F1D
HOXA2
ANKRD30A
HOXA3
FBXL14
TSTD2
AC110275.1
ADIPOR2
FNTA
MIDN
RIPOR2
NCBP1
UBA1
HOXA4
SLC28A2
APBB2
MTRNR2L7
HOXA5
HOXA6
ZNF248
ABHD12B
POMK
HOXA7
HOXA9
AC004080.3
GATM
XPA
HOXA10
ZNF25
HOXA11
FOXE1
TRIM9
TRMO
HGSNAT
CACNA2D4
ZNF33A
ABCA3
HOXA13
HEMGN
SPATA5L1
TMX1
EVX1
ANP32B
C15orf48
NANS
ZNF37A
TRIM14
HIBADH
FRMD6
SLC30A4
AL117339.4
CORO2A
TBC1D2
BLOC1S6
CIRBP
CDK16
TAX1BP1
GABBR2
AC090527.2
GNG2
SQOR
CCNF
UCHL1
ANKS6
CARMIL1
ZNF33B
RTRAF
TEDC2
GALNT12
BMS1
JAZF1
NID2
COL15A1
SCGN
SEMA6D
USP11
RET
H2AC1
H2BC1
CREB5
SLC17A4
PTGDR
NTN3
PTGER2
TGFBR1
SLC17A1
TXNDC16
TBC1D24
ZNF157
ZNF41
ARAF
TRIL
GPR137C
CSGALNACT2
SLC17A3
SYN1
RASGEF1A
ERO1A
CPVL
LRTM2
ALG2
LIMCH1
SEC61B
AC093525.2
ATP6V0C
FXYD4
DCP1B
HNRNPF
TIMP1
SLC17A2
NR4A3
AC093525.1
PSMC6
ZNF487
AMDHD2
CFP
SPIDR
STX17
TRIM38
ZNF239
ELK1
ZNF485
AC004593.2
H1-1
H3C1
H4C1
H4C2
UXT
H3C2
H2AC4
ZNF32
H2BC3
H3C3
H1-2
STYX
ERP44
CHN2
INVS
GNPNAT1
CEMP1
HFE
ZNF81
PDPK1
ZNF182
CXCL12
ZNF630
FERMT2
TEX10
MSANTD3
SPACA5
TMEM72
MSANTD3-TMEFF1
SPACA5B
SLC24A5
TMEFF1
RASSF4
SSX5
CAVIN4
SSX1
PLPPR1
MYEF2
BAAT
PRR15
CEBPD
SSX3
DEPP1
MRPL50
ZNF189
ZNF22
PRKDC
WIPF3
ALDOB
SSX4
FAM174C
DDHD1
EFNA2
SCRN1
H4C3
H1-6
H2BC4
SSX4B
PGAP4
OR13A1
PWWP3A
H2AC6
RNF20
H1-4
H2BC5
CTXN2
ALOX5
H2BC6
H4C4
SLC38A5
AL031777.2
FKBP14
SLC12A1
H3C4
KCTD5
H2AC7
H2BC7
H4C5
GRIN3A
H2BC8
H2AC8
PRSS27
H3C6
PLEKHA8
PPP3R2
H1-3
H4C6
H4C7
H3C7
H2BC9
H3C8
CACNA1C
CYLC2
H2BC10
H4C8
MARCHF8
FTSJ1
SMC2
SRRM2
NDUFS7
BTN3A2
ZFAND4
BMP4
MTURN
ZNRF2
PORCN
AC006978.2
MCM4
NOD1
CDKN3
OR13F1
OR13C4
OR13C3
OR13C8
OR13C5
OR13C2
OR13C9
OR13D1
NIPSNAP3A
GGCT
WASHC2C
NIPSNAP3B
BTN2A2
AC005154.5
ABCA1
ELOB
DUT
GAMT
EBP
PRSS33
GARS1
PRSS41
AF196969.1
TBC1D25
DAZAP1
PRSS21
RBM3
ZG16B
BTN3A1
FBN1
WDR13
SLC44A1
CRHR2
PRSS22
AGAP4
CNIH1
RPS15
UBE2V2
WAS
FLYWCH2
FLYWCH1
GMFB
SUV39H1
TIMM23
APC2
BTN3A3
GLOD5
FSD1L
GATA1
INMT
NCOA4
EFCAB1
CGRRF1
INMT-MINDY4
KREMEN2
MINDY4
CEP152
C19orf25
FKTN
SAMD4A
HDAC6
AC004691.2
SNAI2
AQP1
PPDPFL
BTN2A1
PCSK4
GHRHR
MSMB
BTN1A1
GCH1
PKMYT1
REEP6
SNTG1
ANTXRL
TAL2
TMEM38B
HMGN4
ABT1
ADAMTSL5
ZNF322
SHC4
PLEKHG4B
PHOX2B
WDHD1
ANXA8L1
LRRC14B
CCDC127
ADCYAP1R1
TMEM33
PLK5
ZNF462
EID1
H2BC11
SDHA
SECISBP2L
H2AC11
H4C9
H2BC12
H2AC12
MEX3D
NPY4R
DCAF4L1
PRSS16
RAD23B
GPRIN2
MBD3
PAQR4
SLC30A9
SOCS4
SYT15
MAPK1IP1L
NEUROD6
KLF4
LINC00514
LGALS3
AC021087.5
AC004233.4
COPS2
ITPRID1
PXDNL
CLDN9
CLDN6
PDCD6
BEND4
TNFRSF12A
ACTL7B
ACTL7A
AC005943.1
UQCR11
PCMTD1
SHISA3
DLGAP5
ELP1
HCFC1R1
ATP8A1
PPP1R17
POM121L2
ZNF391
PDCD6-AHRR
PDE1C
ST18
AHRR
TCF3
ZNF184
THOC6
PTPN20
EXOC3
FBXO34
GALK2
H2BC13
H2AC13
ATG14
H3C10
H2AC14
H2BC14
H4C11
H4C12
TBPL2
H2BC15
H2AC15
H2AC16
H1-5
H3C11
H4C13
H3C12
SLC9A3
H2AC17
H2BC17
OR2B2
OR2B6
GRXCR1
BICDL2
ZNF165
KTN1
ZSCAN16
KCTD8
YIPF7
ZKSCAN8
GUF1
MMP25
ALKAL1
RB1CC1
ERAS
GNPDA2
CEP72
PCSK1N
TPPP
PQBP1
LSM5
ZSCAN9
ZDHHC11B
GABRG1
ZKSCAN4
ZDHHC11
NPBWR1
NKAPL
FAM227B
ZSCAN26
OPRK1
GABRA2
ONECUT3
AVL9
AL021997.2
PGBD1
ATP8B3
BRD9
FGF7
ZSCAN31
DTWD1
IL32
ATP6V1H
TIMM17B
KBTBD2
REXO1
COX7B2
ZKSCAN3
ATP8B4
GABRA4
ZSCAN12
ZSCAN23
TRIP13
FKBP9
ABITRAM
GABRB1
SLC35A2
KLF16
CTNNAL1
GPX6
COMMD8
ABHD17A
GPX5
TMEM245
NKD2
ATP10D
ZBED9
FRRS1L
NT5C3A
EPB41L4B
SLC27A2
SCAMP4
SLC12A7
TRIM27
RGS20
HDC
PTPN3
CORIN
GDF10
GDF2
RBP3
SLC6A19
ZNF488
ANXA8
ADAT3
SLC6A18
ZNF311
RP9
GABPB1
CSNK1G2
PIM2
OR2W1
TCEA1
OR2B3
OR2J1
FAM25G
OTUD5
OR2J3
TERT
AGAP9
OR2J2
OR14J1
PALM2AKAP2
OR5V1
OR12D3
OR12D2
BTBD2
FO681492.1
OR11A1
KCND1
OR10C1
BBS9
NPY4R2
GRIPAP1
FAM25C
OR2H1
MAS1L
CLPTM1L
MKNK2
OR2I1P
FRMPD2
UBD
C9orf152
NFXL1
LYPLA1
TXN
USP8
TXNDC8
MOB3A
SVEP1
IZUMO4
GABBR1
TFE3
SLC6A3
PELI2
MUSK
CCDC120
MAPK8
TMEM260
LPCAT1
NIPAL1
CNGA1
AP3D1
LPAR1
TXK
MRPL36
NDUFS6
PRAF2
OR2K2
ECPAS
TEC
AC231657.3
IRX4
OTX2
USP50
MRPL15
TRPM7
SLAIN2
WDR45
SLC10A4
ZAR1
ZNF483
IRX2
SOX17
FRYL
EXOC5
C5orf38
RP1
PTGR1
ARHGAP22
DOT1L
XKR4
IRX1
AC084756.2
SPPL2A
TMEM68
PLEKHJ1
AP5M1
AP4E1
WDFY4
DNAJC25
DNAJC25-GNG10
NAA30
GNG10
SF3A2
ADAMTS16
SHOC1
CCDC198
OR2H2
AMH
TGS1
LRRC18
JSRP1
VSTM4
LYN
ICE1
OAZ1
FAM170B
UGCG
TMEM273
MOG
TNFAIP8L3
MED10
AC005258.1
SLC35F4
PEAK3
LINGO3
SUSD1
UBE2QL1
CYP19A1
OCIAD1
LSM7
ARMH4
RPS20
C10orf71
BMPER
DRGX
SPPL2B
ERCC6
ACTR10
MOS
PTBP3
PLAG1
NSUN2
CHCHD7
CHAT
TMPRSS9
HSDL2
TIMM13
PSMA3
GLDN
LMNB2
SRD5A1
SDR16C5
NPSR1
KIAA1958
GADD45B
INIP
PENK
TENT4A
GNG7
SNX30
SLC46A2
DIRAS1
DMXL2
AC006538.2
ZNF883
SLC39A3
ZFP37
BPNT2
SLC31A2
DPY19L1
FKBP15
SLC18A3
C10orf53
SGTA
ARID4A
OGDHL
ZFP57
ADCY2
HLA-F
SLC31A1
CDC26
TBX20
PRPF4
PARG
HERPUD2
C5orf49
RNF183
WDR31
TIMM23B
MTRR
TIMM23B-AGAP6
HLA-G
FAM110B
AGAP6
THOP1
BSPRY
SEPTIN7
HDHD3
TOMM20L
ALAD
SCG3
TIMM9
UBXN2B
POLE3
LYSMD2
WASHC2A
C9orf43
KIAA0586
TMOD2
FASTKD3
ZSCAN10
ZNF554
HLA-A
ZNF555
RGS3
TMOD3
CYP7A1
OCIAD2
ZNF556
LEO1
ZNF57
SDCBP
ZNF205
MAPK6
SEMA5A
ZNF77
CWH43
EEPD1
TLE6
BCL2L10
GPKOW
GNB5
ZNF213
KIAA0895
MAGIX
TAS2R1
PLP2
OR1F1
PRICKLE3
ZNF200
ATPSCKMT
DCUN1D4
ANLN
TLE2
MYO5C
SYP
CCT5
CACNA1F
ASAH2
NSMAF
MEFV
MYO5A
SGMS1
AOAH
TLE5
CMBL
ARPP19
ZNF618
LRRC66
AMBP
SGCB
TOX
ASAH2B
MARCHF6
FAM214A
SPATA18
KIF12
ELMO1
CCDC22
ZNF263
A1CF
GNA11
USP46
TIGD7
COL27A1
FOXP3
ZNF75A
CA8
POLR1H
GNA15
DACT1
OR2C1
AC025283.2
S1PR4
MTRNR2L4
ROPN1L
RAB2A
ZSCAN32
ERVMER34-1
RASL11B
NCLN
PPP1R11
ANKRD33B
SCFD2
ONECUT1
ORM1
DAAM1
DAP
GPR141
ZNF174
ORM2
WDR72
RNF39
FIP1L1
EPDR1
PRKG1
ZNF597
AKNA
TRIM31
PPP1R3F
NME8
CHD7
NAA60
GAGE10
GPR135
L3HYPDH
GAGE12J
TRIM40
CSTF2T
CTNND2
TRIM10
JKAMP
UNC13C
GAGE13
DKK1
CELF5
GAGE2E
SFRP4
WHRN
GAGE12B
GAGE12C
MBL2
AC058822.1
TRIM15
GAGE12D
STARD3NL
LNX1
CLVS1
GAGE12F
GAGE12E
RSL24D1
GAGE12G
TRIM26
GAGE12H
ATP6V1G1
NFIC
GAGE2A
GAGE1
TMEM268
CCDC175
CHIC2
TEX53
ASPH
TEX48
PAGE1
RTN1
TNFSF15
PAGE4
GSX2
USP27X
TNFSF8
PDGFRA
RAB27A
CLCN5
TNC
PCDH15
AMPH
C16orf90
LRRC9
CLUAP1
PIGBOS1
AKAP4
PIGB
SMIM24
AC005551.1
DOHH
KIT
CCNB3
CCPG1
PCNX4
KDR
FZR1
DGKK
VPS41
NLRC3
DHRS7
SHROOM4
SRD5A3
DNAH5
SLX4
C15orf65
BMP15
DNAAF4
TRIM39
PAPPA
PPM1A
DNASE1
NUDT10
TMEM165
PYGO1
ASTN2
C14orf39
EZHIP
PRTG
NUDT11
CENPVL3
CENPVL2
CENPVL1
GSPT2
MFSD12
CLOCK
TRIO
SIX6
MAGED1
TRIM39-RPP21
NEDD4
SIX1
RPP21
POU6F2
SIX4
TRAP1
MNAT1
C19orf71
YAE1
HMG20B
HLA-E
TRMT5
RALA
OTULINL
SLC38A6
GNL1
OTULIN
PDCL2
TRIM32
GIPC3
ANKH
NMU
AL160272.2
TBXA2R
TLR4
CDK13
CACTIN
PRR3
BRINP1
FBXL7
MARCHF11
EXOC1L
MAGED4B
EXOC1
ABCF1
ZNF622
CDK5RAP2
PIP5K1C
PRKCH
RETREG1
FKBP4
CREBBP
MAGED4
TJP3
ITFG2
MYO10
RFX7
PPP1R10
TMEM30B
MPLKIP
AL355916.3
SUGCT
HIF1A
MRPS18B
CEP135
NRIP2
TEX9
TEX52
ADCY9
INHBA
XAGE2
FOXM1
APBA3
CRACD
XAGE1A
MNS1
ATAT1
XAGE1B
MRPL54
GLI3
RAX2
SRL
ZNF280D
NKAIN3
SNAPC1
SSX7
TFAP4
SSX2
SYT16
RHNO1
MATK
AASDH
GGH
GLIS2
BASP1
TTPA
C7orf25
TULP3
SSX2B
KCNH5
PAM16
AC010132.3
YTHDF3
PSMA2
LINC02218
SPANXN5
H3Y2
XAGE5
TAF11L2
TAF11L3
TAF11L4
TAF11L5
TAF11L6
TAF11L7
XAGE3
TAF11L8
TAF11L9
RHOJ
TAF11L10
TAF11L11
TAF11L12
TAF11L13
TAF11L14
CORO7-PAM16
TEAD4
H3Y1
GPHB5
FAM156B
MRPL32
PPP2R5E
AC090517.4
C6orf136
FAM156A
HECW1
TCF12
CDH18
PPAT
CORO7
ZFR2
TSPAN9
DHX16
MEGF9
GPR173
FBXW2
ATCAY
PAICS
TSPYL2
BHLHE22
CYP7B1
B3GNT10
PSMD5
STK17A
WDR89
PRMT8
NMRK2
SGPP1
KANTR
ARMC1
COA1
SYNE2
PHF19
KDM5C
PPP1R18
SRP72
CRACR2A
DAPK3
NRM
EEF2
MTFR1
PARP11
BLVRA
CDH12
MRPS24
PIAS4
MDC1
TRAF1
URGCP-MRPS24
URGCP
C5
ZBTB7A
ARL9
PRDM9
THEGL
MAP2K2
TUBB
CCND2
PDE7A
HOPX
UBE2D4
VASN
CDH10
IQSEC2
AC008012.1
DNAJA3
TIGAR
FLOT1
CREB3L3
FGF23
CNTRL
FGF6
CGNL1
MTRNR2L5
ZWINT
C12orf4
SPINK2
SPDYE1
MYZAP
CDH9
REST
DNAJC5B
SMC1A
RAB14
IPMK
NMRAL1
RIBC1
CISD1
SIRT6
HSD17B10
TRIM55
GSN
DBNL
UBE2D1
IER3
RAD51AP1
NOA1
TFAM
HUWE1
GCOM1
POLR2B
HMOX2
CRH
BICC1
RRS1
AC009879.2
AC009879.3
CDH6
ADHFE1
ANKRD24
PHYHIPL
IGFBP7
EBI3
FAM13C
DROSHA
YJU2
SHD
DYRK4
TMIGD2
FSD1
CDIP1
DDR1
PGAM2
ADGRL3
AC005832.4
POLM
AKAP3
VXN
STAP2
C5orf22
SLC16A9
C16orf96
NDUFA9
MRLN
UBALD1
MYBL1
CCDC6
STOM
PDZD2
MGRN1
GGTA1
PHF8
MPND
AC005833.1
DAB2IP
GALNT8
ANK3
AEBP1
POLR2M
GOLPH3
VCPIP1
C8orf44-SGK3
KCNA6
MTMR12
ALDH1A2
SGK3
KCNA1
POLD2
TTLL11
KCNA5
NDUFA8
SH3GL1
MORN5
ZFR
LHX6
ESR2
FAM120C
NTF3
AQP9
ANO2
WNK3
LIPC
MYL7
CHAF1A
RBM18
SUB1
UBXN6
MRRF
NUDT16L1
GCK
TSR2
VWF
ADAM10
FGD1
ANKS3
GNL3L
PTGS1
MCMDC2
MINDY2
NPR3
HDGFL2
MTHFD1
YKT6
RNF111
CD9
ITIH6
MAGED2
PLIN4
PLIN5
TARS1
AC011498.4
TCF24
LRG1
PPP1R42
C16orf71
CDK1
SEMA6B
TECRL
SLTM
ZBTB25
OR1J1
COPS5
OR1J2
AKAP5
OR1J4
ZNF500
OR1N1
OR1N2
ZBTB1
OR1L8
OR1Q1
OR1B1
OR1L1
TRO
TNFAIP8L1
OR1L3
CAMK2B
HSPA2
OR1L4
RHOBTB1
SEPTIN12
OR1L6
MYDGF
PPP1R36
OR5C1
PDCL
OR1K1
ADAMTS12
RC3H2
TMEM26
PLEKHG3
EPHA5
CABCOCO1
SMIM22
ARID5B
RXFP3
DPP9
SLC45A2
RTKN2
CCNB2
SPTB
PLEKHG6
CSPP1
ROGDI
CENPC
AMACR
ZBTB6
ZNF365
ZBTB26
AC024598.1
RABGAP1
MYO1E
ADO
EGR2
C1QTNF3-AMACR
NRBF2
STAP1
C1QTNF3
CHURC1
GPR21
UBA6
JMJD1C
LDHAL6B
STRBP
TNFRSF1A
FAM81A
GLYR1
CHURC1-FNTB
GPX2
RAB15
PFKFB1
GCNT3
GNRHR
TMPRSS11D
GTF2A2
REEP3
TMPRSS11A
CRB2
FNTB
ARFGEF1
UBN1
DENND1A
BNIP2
APEX2
RAI14
TMPRSS11F
MAX
ALAS2
TMPRSS11B
SCNN1A
LHX2
YTHDC1
PPL
FOXB1
CTNNA3
FEM1A
NEK6
TICAM1
PAGE2B
LRRTM3
ANXA2
PAGE2
PLIN3
CPA6
DNAJC12
FAM104B
TMPRSS11E
SEC14L5
MTRNR2L10
SIRT1
PAGE5
UGT2B17
PREX2
ARRDC5
UGT2B15
NAGPA
LTBR
PAGE3
UGT2B10
FUT8
UHRF1
PSMB7
MAGEH1
USP51
FOXR2
UGT2A3
HERC4
RRAGB
ADGRD2
NUDCD3
UGT2B7
NR5A1
KLF8
ALG1
UBQLN2
NR6A1
NBDY
UGT2B11
NPC1L1
UGT2B28
C8orf34
KDM4B
CD27
SPIN3
TAPBPL
UGT2B4
C16orf89
VAMP1
OLFML2A
UGT2A1
WDR38
GTF2H4
EEF2KMT
RPL35
UGT2A2
DDX56
ARPC5L
SULT1B1
CCDC196
GOLGA1
SULF1
PTPRS
MRPL51
SPIN2B
AC108941.3
SPIN2A
SULT1E1
FAAH2
GPHN
SCAI
ZXDB
NLRP2B
ZXDA
CSN1S1
NCAPD2
TTC23L
RBFOX1
MYPN
PPP6C
SPIN4
RABEPK
VARS2
RAD1
ATOH7
TMED4
ARHGEF9
PBLD
HSPA5
BRIX1
GAPVD1
CSN2
ZNRF4
OGDH
TINCR
HNRNPH3
STATH
FAM71D
SAFB2
HTN3
DNAJC21
GAPDH
HTN1
MPP5
RUFY2
SLCO5A1
ATP6V1D
SAFB
PRR27
ODAM
AGXT2
DNA2
PRDM14
NCOA2
FDCSP
CSN3
EIF2S1
CABS1
ZMIZ2
SMR3A
SMR3B
OPRPN
PLEK2
MUC7
TRAM1
SLC25A16
PRLR
MAPKAP1
AMTN
SFTA2
TMEM229B
TET1
MUCL3
IFFO1
PLEKHH1
MUC21
AMBN
MUC22
LACTB2
AL451106.1
C6orf15
CCAR1
AMER1
PSORS1C1
ASB12
MTMR8
RPL36
XKR9
CDSN
PSORS1C2
ZC4H2
PIGH
ENAM
MICOS13
ZC3H12B
PPIA
EYA1
JCHAIN
LAS1L
ARG2
CCHCR1
UTP3
PBX3
RUFY3
VTI1B
H2AZ2
HSD11B1L
AL049779.1
MSN
RDH11
SPEF2
PURB
VSIG4
MYO1G
MVB12B
NOP2
RDH12
LMX1B
GRSF1
TMEM114
ZFYVE26
HEPH
METTL22
ZBTB43
ZBTB34
IL7R
RALGPS1
ABAT
MOB1B
ICE2
CAPSL
CCM2
DCK
UGT3A1
STOX1
ANGPTL2
UGT3A2
TCF19
GARNL3
RORA
RAD51B
DDX50
SLC4A4
LMBRD2
EDA2R
TMEM186
AR
PMM2
NACAD
LONP1
SKP2
TBRG4
POU5F1
OPHN1
ZFP36L1
SLC2A8
DDX21
MSC
ACTN1
TRPA1
CARHSP1
YIPF6
VPS13C
STARD8
KCNB2
CATSPERD
EFNB1
KIFBP
PJA1
TERF1
PRR22
FAM155B
AC011499.1
RAMP3
LITAFD
SBSPON
EDA
DUS3L
USP7
C8orf89
GC
ADCY1
SRGN
RPL7
VPS26A
AWAT2
ZNF79
NADK2
OTUD6A
RPL12
IGBP1
NRTN
DGAT2L6
FUT6
AWAT1
SUPV3L1
RDH10
P2RY4
ARR3
NPFFR2
FUT3
AC006064.6
ADAMTS3
LRSAM1
CCDC201
RAB41
FUT5
IGFBP1
HKDC1
AC024592.3
STAU2
RANBP3L
NDUFA11
PDZD11
AC104532.1
VMAC
KIF4A
COX18
CAPS
IGFBP3
HK1
DCAF5
SLC1A3
C16orf72
ANKRD17
GDPD2
RANBP3
GRIN2A
DLG3
C2CD4A
C2CD4B
CHD4
EXD2
TNS3
NIPBL
TLN2
GALNT16
ATF7IP2
TACR2
TEX11
TSPAN15
PKD1L1
TPM1
ERH
NEUROG3
FAM241B
SLC39A9
SLC7A3
EMP2
RFX2
CPLANE1
HUS1
SNX12
TEKT5
ALB
NUBP1
FOXO4
COL13A1
CXorf65
AL590764.2
SUN3
PLEKHD1
AC022826.2
IL2RG
UBE2W
CCDC177
SUSD6
NUP155
SRSF5
TVP23A
MED12
ACSBG2
C7orf57
NIBAN2
CIITA
ELOC
UPP1
SLC10A1
NLGN3
SMOC1
HLA-C
TMEM70
STXBP1
MLLT1
WDR70
SLC8A3
LY96
ACER1
GJB1
CLPP
AFP
JPH1
ZMYM3
ALKBH7
GDNF
PSPN
ABCA13
GTF2F1
AFM
GDAP1
LACTB
RASSF6
RPS27L
EGFLAM
HLA-B
RAB8B
COX16
CXCL8
DEXI
APH1B
KHSRP
SYNJ2BP-COX16
CXCL6
PI15
CLEC16A
PF4V1
CXCL1
SYNJ2BP
PF4
CRISPLD1
ADAM21
PPBP
CXCL5
CA12
CXCL3
ADAM20
NONO
MED6
CXCL2
MTHFD2L
SLC25A41
LIFR
RMI2
SOCS1
TNP2
SLC25A23
PRM3
PRM2
USP3
PRM1
EPGN
HNF4G
AC099489.1
CDC14C
VWC2
TTC9
CRB3
LITAF
MAP3K9
ZPBP
EREG
AREG
OSMR
ZFHX4
BTC
DENND1C
SNN
PARM1
TXNDC11
SPATA48
PEX2
PCNX1
ZC3H7A
RCHY1
IKZF1
RICTOR
PKIA
ZC2HC1A
TUBB4A
IL7
PTRH1
MICA
TNFSF9
RSL1D1
CFAP157
STMN2
CD70
TTC16
TNFSF14
TOR2A
LPAR5
FBXL22
MICB
SIPA1L1
HERC1
ACRBP
C3
HEY1
THAP6
SH2D3C
MCCD1
GSPT1
ODAPH
FIGNL1
CDKL2
DDX39B
FYB1
DAPK2
ING4
DDC
G3BP2
MRPS28
CIAO2A
CDK9
GPR108
AC036214.3
SNX1
NPIPB2
TPD52
TNFRSF17
FPGS
SNX29
C9
RGS6
MACROH2A2
ATP6V1G2-DDX39B
CPPED1
DAB2
SNX22
ATP6V1G2
ITGB1BP2
SHISA9
PPIB
NFKBIL1
CSNK1G1
ZNF384
TAF1
ERCC4
AIFM2
TYSND1
TRIP10
SAR1A
LTA
MRTFB
TNF
USO1
LTB
PPA1
TTC33
LST1
PTGER4
PPEF2
NPFFR1
PRKAA1
PIANP
ENG
LRRC20
GRB10
OGT
NAAA
EIF4EBP2
NODAL
PALD1
PARN
NCR3
RPL37
SDAD1
ZBTB10
CARD6
COPS7A
PRF1
SH2D3A
C7
AIF1
ADAMTS14
AC087632.2
AK1
GCNA
ZNF704
CXCR3
BX276092.9
TBATA
MROH2B
CXorf49
VAV1
PCLAF
PAG1
PRRC2A
CXorf49B
SGPL1
AL157935.2
NHSL2
ST6GALNAC6
TRIP4
RTL5
FABP5
PCBD1
PIN4
CXCL9
PMP2
UNC5B
ART3
ERCC6L
ZNF609
FABP9
RPS4X
FABP4
C6
SLC29A3
OAZ2
CITED1
FABP12
ST6GALNAC4
IMPA1
PIP5KL1
AL133500.1
CDH23
RBPMS2
HDAC8
PLCXD3
PIF1
DPM2
ADGRE1
CXCL10
OXCT1
CXCL11
FAM102A
DPF3
NUP54
NAIF1
BAG6
BFAR
COBL
SLC25A25
MLF2
PLEKHO2
AC069368.1
ANKDD1A
PLA2G10
C5orf51
NPIPA3
SLC10A5
FBXO4
DCAF4
ZFAND1
NPIPA2
SCARB2
SPG21
PTGES2
NOMO1
MBD3L2B
MBD3L5
MBD3L4
MBD3L2
MBD3L3
GHR
ZNF557
PTMS
INSR
LAG3
POM121L12
LCN2
MTFMT
CD4
ZFYVE1
SLC51B
RASL12
KBTBD13
AC119396.1
C9orf16
FAM47E
UBAP1L
NPIPA1
C10orf105
PDCD7
VSIR
CIZ1
AC008878.3
CCDC152
VSTM2A
CLPX
FAM47E-STBD1
PSAP
GPR162
ARHGEF18
STBD1
CCDC158
SELENOP
CHMP4C
PDXDC1
SEC61G
SNX16
CILP
RBM25
SHROOM3
PEX11G
PARP16
P3H3
CHST3
TEX45
IGDCC3
SPOCK2
EGFR
SOWAHB
AC008878.1
ZNF358
SEPTIN11
MCOLN1
IGDCC4
ANXA2R
PHKA1
DPP8
RALYL
ASCC1
GNB3
AC008878.2
ZNF131
CCNI
PNPLA6
CCNG2
LRRCC1
NIM1K
CDCA3
HMGCS1
DMRTC1B
PSEN1
APOM
CXCL13
FAM236B
FAM236D
DMRTC1
CNOT6L
ANAPC16
USP5
C6orf47
CCL28
FAM236C
FAM236A
E2F5
PABPC1L2B
PABPC1L2A
DDIT4
GPANK1
TMEM267
NAP1L2
DNAJB12
CDX4
CHIC1
C5orf34
MRPL1
MICU1
HACD3
PAIP1
FRAS1
CSNK2B
TPI1
RBIS
AL662899.2
NTAN1
SPSB2
LY6G5B
LY6G5C
CA13
LANCL2
CAMSAP3
MCU
LRRC23
INTS14
PAPLN
ANXA3
ABHD16A
RRN3
CA1
XAB2
VOPP1
OIT3
PLA2G12B
NNT
P4HA1
PET100
AC008763.2
DNM1
ENO2
PCP2
SLC24A1
SEPTIN14
NPIPA5
BMP2K
AC140504.1
STXBP2
MPV17L
AC092647.5
ZNF713
BMERB1
AL662899.1
NUDT13
NIPSNAP2
PAQR3
LY6G6F
LY6G6F-LY6G6D
LY6G6E
MARF1
ATN1
LY6G6D
NUMB
DENND4A
MPIG6B
C12orf57
NAA11
GK2
MRPS17
CA3
PSPH
ANTXR2
PTPN6
ECD
CA2
RAB11A
ZCCHC13
SLC16A2
CCT6A
LY6G6C
RLIM
NDE1
MEGF11
DDAH2
NEXMIF
RETN
ATP6V0D2
ABCB7
MCEMP1
FAM149B1
PSKH2
FGF10
SLC7A13
AC008763.3
TRAPPC5
WWP1
FCER2
DNAJC9
PRDM8
MRPS30
DIS3L
CLIC1
SUMF2
PHB2
MRPS16
HCN1
FGF5
MYH11
CFAP70
CFAP299
EMB
CLEC4G
RMDN1
BMP3
PRKG2
EMG1
AC008763.4
ANXA7
TIPIN
MAP2K1
CD209
MSH5
LPCAT3
HEATR4
MSS51
SNAPC5
PARP8
RIOX1
PPP3CB
ACOT1
RASGEF1B
RPL4
UPRT
ACOT2
CPNE3
ACOT4
ACOT6
C1S
ZDHHC15
DNAL1
MAGEE2
GOLGA2
USP54
PBDC1
PHKG1
MAGEE1
HNRNPD
PNMA1
FGF16
MIDEAS
CNGB3
ZWILCH
ATRX
CLEC4M
MYOZ1
CHCHD2
SYNPO2L
CNBD1
NUPR2
AGAP5
EVI5L
PTGR2
SWI5
DCAF4L2
MMP16
C1R
TRUB2
MSH5-SAPCD1
SEC24C
HNRNPDL
COQ4
PRR36
AC005520.1
LRRC8E
ZNF479
ZNF410
MAP2K7
LCTL
SLC27A4
RIPK2
SAPCD1
ISL1
VWA7
URM1
FUT11
SMAD6
CHCHD1
C1RL
VARS1
ENOPH1
TGFBR3L
OSGIN2
CERCAM
ZSWIM8
MAGT1
ZNF716
SNAPC2
ITGA1
TMEM150C
SMAD3
RBP5
NBN
CTXN1
COX7B
TIMM44
CEP20
ATP7A
CLSTN3
SCD5
LSM2
HSPA1L
HSPA1A
PELO
HSPA1B
ELAVL1
AAGAB
ABCC1
PGK1
SEC31A
ODF2
CCL25
PGAM4
FAM161B
TAF9B
DECR1
ABCC6
AC022400.5
ITGA2
NDST2
CYSLTR1
COQ6
IQCH
RTL3
LPAR4
ZNF722P
FBN3
PEX5
P2RY10
CAMK2G
GPR174
ZNF727
NEU1
ITM2A
TBX22
ZNF735
ZNF679
ZNF736
SLC44A4
C15orf61
CALB1
TENT5D
MAP2K5
BRWD3
ZNF680
ZNF107
NOMO3
ENTPD5
HMGN5
ZNF138
EHMT2
SH3BGRL
TMEM64
ZNF273
MOCS2
NECAB1
BBOF1
POU3F4
CYLC1
ZNF117
RPS6KA6
ALDH6A1
ERV3-1
C8orf88
PIP4P2
SKOR1
PLAU
HDX
PIAS1
OTUD6B
FST
VCL
LIN52
ZNF92
APOOL
LRRC69
NDUFS4
VSX2
ABCD4
SATL1
SLC26A7
CERS4
AC107871.1
ARL15
CALML4
ZNF711
AP3M1
GLE1
POF1B
ACSM4
CLN6
VKORC1L1
ADK
HSPB3
SNX18
CD163L1
GUSB
CHM
ESM1
C2
GZMK
SPTAN1
CD320
DACH2
GZMA
AC010323.1
CDC20B
CD163
NDUFA7
FEM1B
ITGA11
RPS28
ASL
GPX8
KLHL4
KAT6B
KANK3
MCIDAS
VRTN
CCNO
SYNDIG1L
CORO2B
DHX29
NPC2
ANGPTL4
CPXCR1
ANP32A
TGIF2LX
PABPC5
PCDH11X
RAB11B
RUNX1T1
APOBEC1
SPESP1
MTREX
NOX5
MARCHF2
ISCA2
GDF3
AC138969.1
NAP1L3
DPPA3
FAM133A
LTBP2
CLEC4C
PLPP1
HNRNPM
NPIPA7
DIAPH2
XYLT1
NANOGNB
NANOG
AC068533.4
ZBTB12
SLC38A9
CRCP
AL645922.1
GLCE
NPIPA8
PAQR5
SLC2A14
RPA4
NPIPA9
CFB
AREL1
TPST1
KIF23
PCDH19
NOMO2
TNMD
TSPAN6
NELFE
DDX4
PRAM1
KCTD7
SRPX2
ZNF414
AC027644.4
SYTL4
FCF1
MYO1F
RABGEF1
CSTF2
TRIQK
YLPM1
NOX1
TMEM248
SLC2A3
IL31RA
ADAMTS10
RPS15A
XKRX
SBDS
ARL13A
PROX2
DLST
TRMT2B
FOXJ2
TYW1
SKIV2L
RPLP1
NFILZ
C3AR1
ACTL9
OR2Z1
TMEM35A
AC138811.2
THAP9
CENPI
ARL6IP1
ZNF558
CIBAR1
LIN54
NECAP1
SPDYE21
DRP2
MBD3L1
MUC16
SMG1
TAF7L
RPS6KL1
IL6ST
OR1M1
OR7G2
OR7G1
TIMM8A
OR7G3
ZNF317
BTK
DXO
PGF
AUTS2
OR7D2
COPS4
OR7D4
OR7E24
TLE3
ZNF699
DUSP29
DYNC2I2
DUSP13
EIF2B2
RBM12B
ZNF559
SET
PLAC8
STK19
TMEM67
CLEC4A
MLH3
COQ2
RPL36A
RPL36A-HNRNPH2
HPSE
GLA
SAMD8
ANKRD55
ZNF559-ZNF177
AC092111.3
ZNF705A
VDAC2
TMC7
GALNT17
PKN3
HNRNPH2
MAP3K1
ACYP1
ARMCX4
ZNF177
FAM90A1
ZC2HC1C
CALN1
ZDHHC12
SETD9
ZNF266
ARMCX1
C4A
COQ7
ZER1
NEK9
ARMCX6
TYW1B
ARMCX3
CLEC6A
MIER3
TBC1D13
ZNF560
CLEC4D
HELQ
ZNF426
PDP1
CLEC4E
ITPRIPL2
ARMCX2
ENDOG
ZNF121
POM121
SYT17
MRPS18C
SPOUT1
CDH17
ZNF561
AICDA
COMTD1
ABRAXAS1
GPBP1
TRIM74
TMED10
AL441992.2
CLEC19A
KYAT1
NXF5
GPAT3
ZNF503
FOS
TMC5
GEM
LRMDA
ZNF562
SPDYE8
NKX6-1
JDP2
SPDYE11
CDS1
MFAP5
RAD54B
SPDYE9
LRRC8A
C4B
BATF
WDFY3
PHYHD1
ZMAT1
ZNF846
FLVCR2
FSBP
ACTBL2
VIRMA
NSUN5
FBXL12
PLK2
TCEAL2
TCEAL6
UBL5
BEX5
TTLL5
TCP11X1
TRIM50
NXF2
KCNMA1
PIN1
AL672142.1
DOLK
ESRP1
AC235565.2
RIMKLB
NUP188
FKBP6
ARHGAP24
GAPT
OLFM2
NXF2B
RAB3C
TCP11X2
COL5A3
A2ML1
GDE1
TMSB15A
ARMCX5
SH3GLB2
FZD9
PDE4D
CCP110
BAZ1B
CYP21A2
GPRASP1
ERG28
RDH8
GPRASP2
ARMCX5-GPRASP2
BHLHB9
IFT43
BCL7B
SHFL
TGFB3
VPS35L
RAB40AL
MAPK10
ANGPTL6
PHC1
BEX1
DPY19L4
NXF3
MIGA2
GPATCH2L
PPAN-P2RY11
TBL2
TNXB
PPAN
BEX4
DOLPP1
TCEAL8
INTS8
TCEAL5
P2RY11
BEX2
TCEAL7
EIF3G
TCEAL9
ESRRB
BEX3
CRAT
M6PR
RAB40A
VASH1
TCEAL4
MLXIPL
KLRG1
ANGEL1
TCEAL3
TCEAL1
MORF4L2
LRRC74A
A2M
ATF6B
PTPA
IRF2BPL
GLRA4
UACA
CCNE2
CIPC
KNOP1
FKBPL
TMEM31
DNMT1
PRRT1
PLP1
IQCK
AC007375.2
TMEM63C
AL662884.4
PZP
VPS37D
GPRC5B
PPT2
DNAJC30
ZDHHC22
NDUFAF6
NGB
RAB9B
BUD23
POMT2
GPR139
TMSB15B
GP2
LARP6
DEPDC1B
H2BW1
AL158151.3
H2BW2
IER5L
TMSB15B
SLC25A53
LRRC49
ZCCHC18
FAM199X
ESX1
ELOVL7
TP53INP1
IL1RAPL2
TEX13A
GSTZ1
NRK
PLEKHF2
PPT2-EGFL8
KLRB1
ERCC8
SERPINA7
C8orf37
PWWP3B
EGFL8
STX1A
UMOD
RADX
GDF6
CLEC2D
UQCRB
NTMT1
RNF128
TBC1D8B
AGPAT1
C9orf50
PDILT
NDUFAF2
ASB6
MTERF3
THAP10
MORC4
TMED8
SMIM15
THSD4
PRRX2
CLECL1
ACSM5
SAMD15
PTGES
ZSWIM6
NOXRED1
CD69
TOR1B
RIPPLY1
TOR1A
VIPAS39
CLDN2
ABHD11
ACSM2A
RBM41
KLRF1
C9orf78
PTDSS1
NUP62CL
NR2E3
USP20
DNAAF6
CLEC2B
RNF5
CLDN3
MYO9A
FRMPD3
CLDN4
KLRF2
CLEC2A
KIF2A
METTL27
ACSM2B
PRPS1
SDC2
TMEM270
CLEC12A
FNBP1
AGER
S1PR2
TSC22D3
MRPL4
CLEC1B
NCBP2L
CPQ
MID2
AHSA1
SENP8
CLEC12B
GPR107
GRAMD2A
ELN
TSPYL5
ACSM3
CLEC9A
TEX13B
VSIG1
ISM2
CLEC1A
PSMD10
MTDH
ICAM1
SPTLC2
PKM
CLEC7A
ICAM4
ATG4A
LAPTM4B
ALKBH1
AC114982.2
ICAM5
DIMT1
NCS1
ACSM1
SLIRP
ZGLP1
AC011511.1
HMCN2
FDX2
MATN2
SNW1
THUMPD1
AC011511.4
RAVER1
ASS1
OLR1
ERI2
COL4A6
IPO11
ICAM3
TMEM52B
FUBP3
GABARAPL1
TYK2
REXO5
ADCK1
PARP6
PRDM12
EXOSC2
LRRC70
KLRD1
HTR1A
RPL30
RNF180
NRXN3
CDC37
RGS7BP
ERICH5
SHISAL2B
PBX2
RIDA
SREK1IP1
DIO2
DCUN1D3
CWC27
ABL1
GPSM3
PDE4A
KLRC4-KLRK1
LYRM1
POP1
CEP128
NOTCH4
DNAH3
AL359092.3
QRFP
FIBCD1
ADAMTS6
NIPAL2
LAMC3
TMEM159
STK3
TSHR
AIF1L
KEAP1
KLRK1
TSBP1
ZP2
CENPK
KLRC4
AC068775.1
KLRC3
S1PR5
COL4A5
ATG4D
NUP214
KCNS2
KLRC2
AC009690.3
CELF6
ANKS4B
CRYM
OSR2
KLRC1
AC009690.1
HEXA
VPS13B
KRI1
GTF2A1
NPIPB3
PPWD1
EIF2S3B
STON2
MAGOHB
METTL9
AL035425.2
IRS4
SEL1L
GUCY2F
STYK1
CDKN2D
NXT2
BTNL2
TRIM23
AP1M2
IGSF6
KCNE5
HLA-DRA
ACSL4
YBX3
OTOA
HLA-DRB5
TMEM202
ARIH1
BET1L
HLA-DRB1
TRAPPC13
SLC44A2
TAS2R7
GOLGA6B
TAS2R8
TAS2R9
SCGB1C1
PRH1
FLRT2
TAS2R10
HIGD2B
ODF3
PRR4
COX6C
BBS4
AC018630.4
TAS2R13
HLA-DQA1
PRH2
TAS2R14
SHLD3
TAS2R50
RIC8A
TAS2R20
FAM78A
TAS2R19
SGTB
TAS2R31
TAS2R46
GALC
TAS2R43
PLPP7
RGS22
TAS2R30
SMIM10L1
TAS2R42
PRRC2B
HLA-DQB1
PRB3
NLN
NPIPB4
PRB4
TMEM164
PRB1
AMMECR1
PRB2
ADPGK
ILF3
SIRT3
RTL9
ETV6
UQCRC2
CHRDL1
NEO1
POMT1
HLA-DQA2
BCL2L14
HLA-DQB2
HLA-DOB
ERBIN
PAK3
AL669918.1
PSMD13
GPR65
TAP2
LRP6
FBXO43
PDZD9
POLR2K
MOSMO
SPAG1
CAPN6
VWA3A
PSMB8
DCX
MANSC1
BORCS5
RNF19A
DUSP16
HCN4
REC114
SDR42E2
PSMB9
EEF2K
KCNK10
NPTN
CREBL2
GPR19
NLRP6
TAP1
CDKN1B
SERTM2
APOLD1
ANKRD46
POLR3E
SPATA7
PGGHG
ALG13
DDX47
CD276
HLA-DMB
SNX31
IFITM5
AL645941.2
IFITM2
HLA-DMA
INSYN1
IFITM1
GPRC5A
TBC1D21
IFITM3
PABPC1
GPRC5D
HEBP1
B4GALNT4
BRD2
FAM234B
LOXL1
UCK1
PKP3
QTRT1
STOML1
GSG1
CDR2
PRRT1B
RAPGEF1
SIGIRR
PTPN21
DNM2
PML
NPIPB5
EMP1
TRPC5
ZC3H14
TRPC5OS
SREK1
GRIN2B
MED27
RTL4
LHFPL1
ANO9
AMOT
HS3ST2
HLA-DOA
NTNG2
USP31
PTDSS2
ATF7IP
HLA-DPA1
HTR2C
SETX
TMED1
SCNN1G
IL13RA2
C19orf38
HLA-DPB1
MAST4
TTF1
SCNN1B
CARM1
LRCH2
CFAP77
YWHAZ
RNH1
RBMXL3
LUZP4
BARHL1
PLS3
DDX31
PLBD1
COL11A2
YIPF2
GUCY2C
COG7
GTF3C4
H4-16
AK8
H2AJ
GGA2
TIMM29
CHL1
WBP11
CD180
SPACA9
AGTR2
SLC6A14
C12orf60
SMCO3
ART4
TSC1
CT83
MGP
HRAS
KLHL13
ERP27
GOLGA6A
EARS2
PIK3R1
ARHGDIB
ISLR2
RXRB
LRRC56
WDR44
PDE6H
UBFD1
RERG
ZNF706
ISLR
LMNTD2
SLC39A7
STRA6
NDUFAB1
LIMK1
PALB2
DOCK11
HSD17B8
RASSF7
SMARCA4
CNTN6
GRHL2
RING1
EML5
DCTN5
PTPRO
EIF4H
SLC30A5
PLK1
VPS52
NCALD
PHRF1
LAT2
IL13RA1
ERN2
CCNB1
TTC8
CNTN4
RRM2B
ZCCHC12
CENPH
CHP2
RPS18
PRKCB
LONRF3
MRPS36
B3GALT4
WDR46
CDK7
AL772284.1
KIAA1210
CCDC33
PGRMC1
CACNG3
FOXN3
SLC25A43
RBBP6
PFDN6
SLC25A5
CXorf56
CYP11A1
UBR5
UBE2A
IL5RA
IRF7
RFC2
RGL2
EFCAB11
CCDC125
SEMA7A
AK6
NKRF
UBL7
SEPTIN6
TAF9
TDP1
TNRC6A
CDHR5
RAD17
GFI1B
TAPBP
CLIP2
GTF3C5
SLC5A11
ZBTB22
EPS8
SOWAHD
RPL39
DAXX
UPF3B
TRNT1
ARID3B
GTF2IRD1
SCT
CLK3
DRD4
RNF113A
NDUFA1
DEAF1
AKAP14
KCNK13
SMIM40
PSMC1
SMIM40
KIFC1
NKAP
CRBN
CEL
NRDE2
ARHGAP17
RHOXF2B
PHF1
ODF1
RHOXF1
KLF10
RALGDS
RHOXF2
ZBTB33
EPS8L2
CALM1
TMEM255A
AZIN1
EDC3
MARVELD2
SUMF1
ATP1B4
STRAP
CUTA
OCLN
LAMP2
CYP1A1
GTF2I
LCMT1
TTC7B
DERA
CUL4B
GTF2H2C
LRRN1
CYP1A2
SETMAR
CSK
AQP8
ATP6V1C1
SLC15A5
MGST1
ZKSCAN2
TMEM80
HS3ST4
SYNGAP1
RPS6KA5
AL162417.1
GBGT1
BAALC
TALDO1
C16orf82
MCTS1
LMO3
KDM8
LMAN1L
C1GALT1C1
CT47B1
AC008162.2
CT47A12
FZD6
CT47A11
CT47A10
CT47A9
NSMCE1
CT47A8
CPLX3
GATD1
CT47A7
OBP2B
CT47A6
CTHRC1
ULK3
CT47A5
CT47A4
CT47A3
DGLUCY
SERF1B
CT47A2
SLC25A32
ABO
CT47A1
GLUD2
AC012213.5
DCAF13
IL4R
GRIA3
SMN2
PTPN13
SURF6
RERGL
CEND1
MED22
RIMS2
PIK3C2G
THOC2
ZBTB9
BAK1
RPL7A
IL21R
FAM110C
ITPR1
ITPR3
SURF1
GTF3C1
SCAMP2
XIAP
SURF2
PLCZ1
SLC25A22
SURF4
SERF1A
STAG2
MPI
SH3YL1
SMN1
UQCC2
CAPZA3
STKLD1
IP6K3
PLEKHA5
REXO4
LEMD2
DPYS
KATNIP
ADAMTS13
DCSTAMP
LRP12
MLN
SLC10A6
NAIP
GSG1L
C4orf36
ZFPM2
NCF1
AC093827.5
AFF1
XPO6
AEBP2
FAM219B
GRM4
GTF2IRD2
OXR1
KLHL8
GPR68
GTF2H2
CCDC88C
COX5A
ACP1
RPP25
PDE3A
SCAMP5
CACFD1
CASTOR2
SBK1
PPP4R3A
RCC1L
SLC2A6
NPIPB6
HSD17B13
EIF3CL
SLCO1C1
HSD17B11
LDLR
MYMK
AC138894.1
ADAMTSL2
NUDT9
NPIPB7
HMGA1
SLCO1B3
PPCDC
ALKAL2
GTF2IRD2B
FAM163B
CATSPERB
DBH
C15orf39
SMIM29
CLN3
SPARCL1
SLCO1B3-SLCO1B7
GOLGA6C
SARDH
GOLGA6D
AP006621.6
AC022335.1
TC2N
COMMD4
NUDT3
BDP1
PIDD1
ABRA
SLCO1B1
RPS10-NUDT3
TMEM18
ANGPT1
DSPP
SPC24
DMP1
SPDYE13
SLCO1A2
SPDYE14
IBSP
SPDYE15
MEPE
KANK2
FBLN5
RPS10
TRIM73
MCCC2
SH2D1A
RPLP2
SPP1
TEX13D
TENM1
SNTG2
DOCK6
RSPO2
PACSIN1
POM121C
IAPP
PNPLA2
NEIL1
PYROXD1
VAV2
TRIP11
TEX13C
SPDEF
EIF3E
DCAF12L2
DCAF12L1
RECQL
ILRUN
PRR32
SPDYE5
ACTRT1
CRACR2B
MAN2C1
CARTPT
SNRPC
SMARCA1
MAP1B
ANGPTL8
PKD2
UHRF1BP1
HIP1
GOLT1B
TSPAN16
BRD3OS
BRD3
ATXN3
TAF11
ABCG2
RAB3D
SPX
ANKS1A
CD151
WDR5
TPO
GYS2
MRPS27
TMEM205
RXRA
AC010197.2
PPM1K
LDHB
OCRL
CCL26
CCDC159
COL5A1
CCL24
HERC6
APLN
XPNPEP2
RHBDD2
TCP11
KCNJ8
SASH3
PLPPR2
ABCC9
ZDHHC9
POR
HERC5
PTCD2
POLR2L
SWSAP1
EPOR
PYURF
PIGY
UTP14A
AC098582.1
HERC3
RGL3
TSPAN4
CMAS
BCORL1
SIN3A
NAP1L5
ST8SIA1
FCN2
ELF4
FAM13A
FCN1
OLFM1
PXDN
ZNF366
AIFM1
C2CD5
CCDC151
TNPO1
PTPN9
PPP1R26
C9orf116
PRKCSH
MRPS2
TMEM120A
SNUPN
EMC2
LCN1
TIGD2
GPRIN3
OBP2A
BHLHE40
TMEM74
SNCA
PAEP
TRHR
NUDCD1
FCHO2
STYXL1
IMP3
SCUBE3
ARL8B
SNX33
CSPG4
ELAVL3
ZNF76
ENY2
AL354761.1
ODF3L1
GLT6D1
TMEM171
EDEM1
LCN9
CHID1
AC008481.3
SOHLH1
TMEM174
ZNF653
FOXD1
UBE2Q2
BTF3
MDH2
KCNT1
PKHD1L1
ECSIT
DEF6
ANKRA2
PPARD
FBXO22
UTP15
SRRM3
MMRN1
GRM7
FANCE
CNN1
HSPB1
ETNK1
RPL10A
CCSER1
RAB33A
EBAG9
ZNF280C
TEAD3
YWHAG
SSC4D
NRG4
ZP3
ELOF1
SLC25A14
GRID2
ZNF627
TULP1
SOX5
ARHGEF28
AP2A2
ACP5
DTX2
MYT1L
ATOH1
TMEM266
SMARCAD1
SYBU
LMCD1
ZNF823
ZNF441
ETFA
ZNF491
MUC6
ZNF440
FKBP5
ZNF439
GPR119
ZNF69
RBMX2
MUC2
ZNF700
SSUH2
ARMC12
AC008770.2
ZNF763
ENOX2
HPGDS
MUC5AC
AC008770.4
CLPSL2
ZNF433
CLPSL1
PDLIM5
CLPS
UPK3B
LHFPL5
AC008770.1
ZNF878
MUC5B
ENC1
ZNF844
ARHGAP36
AC022415.2
SPDYE16
SRPK1
ZNF20
HEXB
POMZP3
ZNF625-ZNF20
ZNF625
BCAT1
CAV3
ZNF136
TOLLIP
IGSF1
OXTR
ZNF44
SPDYE17
RAD18
ISL2
CCDC146
GFM2
ZNF563
SCAPER
ZNF442
KCNV1
ZNF799
AC008758.5
FGL2
ZNF443
AC008758.6
GSAP
ZNF709
SLC26A8
SRGAP3
AC008758.1
BRSK2
ZNF564
IRAG2
AC010422.6
ZNF490
ZNF791
NSA2
CSMD3
AC010422.3
MAN2B1
OR13H1
FAM169A
PTPN12
BMPR1B
RCN2
MAPK14
STK26
CAMSAP1
GCNT4
ANKRD31
PSTPIP1
THUMPD3
HMGCR
AC010422.5
UNC5C
WDR83
UBAC1
FRMD7
NACC2
CFAP94
TMEM250
RAP2C
LHX3
PDHA2
MBNL3
AC010422.8
QSOX2
STPG2
WDR83OS
SETD5
CCDC187
TSPAN3
DHPS
MOB2
RAP1GDS1
TRPS1
GPSM1
MAPK13
RSBN1L
DUSP8
KRTAP5-1
KRTAP5-2
KRTAP5-3
PEAK1
KRTAP5-4
KRTAP5-5
CERT1
HS6ST2
KRTAP5-6
TMEM60
IFITM10
HMG20A
USP26
DNLZ
PHTF2
AC068580.4
TFDP3
OR4F5
CARD9
GPC4
GPC3
BRPF3
EIF3H
ETFRF1
SNAPC4
LINGO1
CTSD
GNG14
FBXW9
KRAS
ENTR1
UTP23
OR4F29
LMNTD1
CCDC160
PHF6
TNPO2
RAD21
TSPAN5
OR4F16
PMPCA
TBC1D2B
PNPLA1
HPRT1
LHFPL4
EIPR1
EIF4E
PLAC1
BNIP5
SH2D7
FAM122B
MTMR14
CIB2
RASSF8
ETV7
SYT8
METAP1
AARD
INPP5E
SLC30A8
SEC16A
BHLHE41
TRAPPC12
IDH3A
SSPN
ADH5
TNNI2
FAM122C
NOTCH1
MED30
ITPR2
PXT1
MAGI2
EXT1
KCTD20
MOSPD1
EGFL7
TRIR
ADI1
SMIM10
GET3
ADH4
SAMD12
RTL8B
RTL8C
AC108488.2
BEST2
RTL8A
STK38
RNASEH1
ACSBG1
SMIM10L2B
LSP1
INTS13
ETDB
CT55
SRSF3
TNFRSF11B
SAMD11
ADH6
ZNF75D
HOOK2
CPNE9
ETDA
AGPAT2
ETDC
ZNF449
ADH1A
COLEC10
SMIM10L2A
CDKN1A
FGFR1OP2
INTS6L
ADH1B
MAL2
DNAJA4
RAB44
RPS7
DIPK1B
JUNB
PRDX2
TM7SF3
CPNE5
CCN3
LCN10
CT45A1
ENPP2
THSD8
RNASEH2A
BRPF1
POLK
ADH1C
CT45A3
PPIL1
CT45A5
APOBR
AL355987.1
LCN6
C6orf89
CT45A6
IL27
RTBDN
NUPR1
ADH7
CT45A2
MED21
CT45A7
AC020765.6
SGF29
CT45A8
LCN8
WDR61
C12orf71
CT45A9
LCN15
CT45A10
COLEC11
SAGE1
STK38L
TMEM141
C4orf17
SULT1A2
PI16
AL355987.3
CCDC183
MMGT1
MTCH1
SLC9A6
TRMT10A
MAST1
OGG1
SULT1A1
ARNTL2
RABL6
NPIPB8
MTTP
EIF3C
DNASE2
CRABP1
IREB2
KLF1
ANKDD1B
TAF2
ALLC
GCDH
PRR33
AJM1
PHPT1
FGD2
DCDC2C
MAMDC4
POC5
HYKK
DSCC1
C4orf54
SYCE2
DEPTOR
DAPP1
PSMA4
EDF1
TNNT3
PIM1
FARSA
SOX11
TMEM217
LAMTOR3
TRAF2
COL14A1
DNAJB14
AL353579.1
TBC1D22B
CAMK1
FHL1
RNF8
GNAI1
FBXW5
SV2C
C8G
CALR
TADA3
H2AZ1
CMTR1
LCN12
SMCO2
DDIT4L
CCDC167
EMCN
RAD23A
PTGDS
IQGAP2
PPFIBP1
MDGA1
ARPC4
AL807752.7
NPIPB9
LCNL1
PAXX
CLIC3
ATXN2L
GADD45GIP1
DAND5
PPP3CA
ZFAND3
ABCA2
CMPK2
NFIX
ARPC4-TTLL3
MRPL13
BTBD9
RSAD2
CHRNA5
MTBP
CD36
CHRNA3
SNTB1
TTLL3
GLO1
MRPL23
NOC2L
BANK1
HAS2
DNAH8
RNF144A
CHRNB4
KLHL17
FUT7
AL807752.6
ZHX2
ADAMTS7
NPDC1
MAP7D3
PLEKHN1
DERL1
ENTPD2
LYL1
MORF4L1
TRMT1
SAPCD2
AC132217.2
UAP1L1
ADGRG4
IGF2
PERM1
REP15
SLC39A8
HES4
MAN1B1
MRPS35
F2RL2
F2R
BRS3
ISG15
F2RL1
TBC1D31
HTATSF1
S100Z
MANSC4
KLHL42
CRHBP
RPUSD3
NFKB1
ID2
PTHLH
INS-IGF2
NACC1
VGLL1
GLP1R
AGGF1
AGRN
STX10
CD40LG
INS
SAYSD1
DPP7
AC008581.2
TUFM
KCNK5
ZBED3
CCDC91
KCNK17
ARHGEF6
CIDEC
GRIN1
SH2B1
KCNK16
KIDINS220
TH
IER2
RBMX
JAGN1
KIF6
AC022414.1
IL17RE
FAR2
RNF223
ATP2A1
PDE8B
MANBA
GPR101
GNAT3
ZIC3
SEMA3C
FAM83A
DAAM2
FGF13
ERGIC2
C1orf159
C8orf76
F9
MBOAT2
ZHX1-C8orf76
ZHX1
CACNA1A
CTSH
ASCL2
HGF
C11orf21
MCF2
MOCS1
ATAD2
OVCH1
UBE2D3
TSPAN32
RABEP2
IL17RC
ASAP2
TMTC1
TTLL10
LRFN2
CD19
UNC5CL
NTAQ1
TNFRSF18
OARD1
IPO8
TNFRSF4
NFATC2IP
SDF4
ITGB1BP1
LRRC26
AL929554.1
B3GALT6
TMEM210
C1QTNF12
SPNS1
ANAPC2
FBXO32
CACNA2D1
WDR41
ATP11C
CAPRIN2
CD81
SSNA1
KLHL38
ANXA13
TPRN
UBE2J2
RASGRF1
TMEM203
NDOR1
TSPO2
APOBEC2
NFYA
FAM91A1
PCLO
CXorf66
TREML1
SOX3
TREM2
BX255925.3
RNF208
CYSRT1
FER1L6
RNF224
SLC34A3
TREML2
CDR1
SPANXB1
TSSC4
AC018809.3
SEMA3E
SCNN1D
LDOC1
TREML4
SPANXC
TUBB4B
ANKRD34C
CPSF3
TMED3
SPANXA1
TMEM65
SPANXA2
FAM166A
TRMT12
CRELD1
TREM1
SPANXD
MINAR1
MAGEC3
RNF139
OTP
STPG3
TATDN1
TBCA
LAT
NCR2
MAGEC1
TRPM5
MTHFS
SEMA3A
MAGEC2
ST20-MTHFS
TSPAN11
SPANXN4
ST20
SPANXN3
BCL2A1
FOXP4
SLITRK4
NELFB
SPANXN2
AP3B1
TOR4A
ZFAND6
ACAP3
SPANXN1
NRARP
EXD3
SLITRK2
SEMA3D
IAH1
MDFI
CXorf51B
CXorf51A
DDX11
CISD2
GRM3
FMR1
SLC9B1
PRRT3
TFEB
EMC3
NOXA1
PUSL1
ELAPOR2
SCAMP1
ENTPD8
ADAM17
NSMF
LHFPL2
FANCD2
NDUFB9
SLC9B2
ARSB
KCNQ1
NPIPB11
BOLA2
BOLA2-SMG1P6
DMGDH
YWHAQ
SLX1B
DMTF1
MTSS1
BDH2
BHMT2
FAH
CDKN1C
TAF1B
SULT1A4
BHMT
PGC
SLC22A18AS
CENPE
FRS3
JMY
SLC22A18
AL365205.1
HOMER1
PRICKLE4
PNPLA7
FANCD2OS
NPIPB12
TOMM6
BRK1
INTS11
GRHL1
VHL
USP49
IRAK2
TENT2
SPN
MED20
CTXND1
TATDN2
QPRT
FMR1NB
ARNT2
MRPL41
PHLDA2
BYSL
DPH7
AFF2
NDUFB1
C16orf54
ZG16
AC022384.1
TACR3
KIF22
CPSF2
CCND3
CXXC4
CMYA5
KLF11
GHRL
ZMYND19
NAP1L4
SLC24A4
ARRDC1
CYS1
TET2
MTX3
AC231656.1
IDS
ABHD17C
THBS4
CEMIP
PPA2
RRM2
SINHCAF
SERINC5
EHMT1
AC244197.3
MAZ
ZNF572
TAF8
SQLE
DENND5B
RIN3
EOLA1
SEC13
SPZ1
ZFYVE16
WASHC5
LGMN
ETFBKMT
C6orf132
AL096814.1
AL096814.2
MESD
PRRT2
AMN1
GUCA1A
HSFX3
GUCA1B
HPCAL1
MAGEA9B
MRPS10
TLNRD1
AC068870.4
HSFX2
CFAP161
TRERF1
TMEM185A
ARHGEF38
IL16
NSMCE2
AC009133.6
PAGR1
AC120114.4
MVP
MAGEA11
INTS12
HSFX1
MAGEA9
ODC1
UBR2
CARS1
CACNA1B
MAGEA8
H3-5
FAM151B
EOLA2
TRIB1
GOLGA5
RESF1
PRPH2
CDIPT
ANKRD34B
TBCC
BICRAL
GSTCD
HSFX4
DHFR
CHGA
BICD1
RPL7L1
ATP2B2
MAMLD1
LRATD2
C6orf226
PTCRA
MTM1
ITPK1
NOL10
TMEM243
NPNT
CNPY3
MSH3
MTMR1
FGD4
GNMT
STARD5
PEX6
CROT
SEZ6L2
PPP2R5D
TMC3
MOAP1
TMEM251
AL110118.1
GON7
UBR7
CD99L2
ATP6V1C2
MEX3B
EFL1
ABCB4
POU5F1B
TBCK
BTBD7
MYC
RASGRF2
HMGB3
UNC79
SAXO2
OSBPL5
GPR50
CPTP
ASPHD1
TAS1R3
VMA21
GOLGA6L10
DNM1L
PASD1
GOLGA6L9
DVL1
PRRG3
KCTD13
PDIA6
FATE1
ABCB1
CNGA2
CKMT2
RPS17
MAGEA4
MEA1
TMEM219
COX8C
KLHDC3
PRIMA1
AC245033.1
SLC6A11
GABRE
CPEB1
FAM181A
MXRA8
ASB2
ZCCHC9
TAOK2
AIMP1
RRP36
MAGEA10
CCDC197
CUL7
ACOT12
GABRA3
OTUB2
AURKAIP1
DDX24
MRGPRG
GABRQ
MRGPRE
RUNDC3B
KLC4
MAGEA3
CSAG2
HIRIP3
GIMD1
MAGEA2B
SLC6A1
SSBP2
DKK2
SLC25A40
CCNL2
ZNF195
INO80E
IFI27L1
CSAG1
PAPSS1
MAGEA12
KCNF1
MAGEA2
DBF4
IFI27
C2orf50
SGMS2
CSAG3
MAGEA6
SLC66A3
IFI27L2
AP3B2
CETN2
CYP2U1
NSDHL
PPP4R4
ADAM22
DOC2A
MRPL20
ZNF185
HADH
ANKRD65
SERPINA10
TMEM88B
VWA1
SERPINA6
ATAD3C
ROCK2
SERPINA1
ATAD3B
AL355385.2
MRPL2
LEF1
SERPINA11
SERPINA9
ATAD3A
C16orf92
ART5
PTK7
TLCD3B
GSDMC
ART1
CHRNA10
AC093512.2
SERPINA12
CYRIB
PNMA5
TMEM240
PNMA3
SERPINA4
PNMA6A
MAGEA1
SSU72
ALDOA
AC236972.4
PNMA6F
ZNF275
FNDC10
PNMA6E
SERPINA5
RPL34
ZFP92
TREX2
E2F6
ATG10
NUP98
OSTC
HAUS7
AL049839.2
ETNPPL
SERPINA3
RPS23
GSC
ATP6AP1L
BGN
HRH1
DICER1
YARS2
COL25A1
ATP2B3
TMEM167A
PKP2
MIB2
XRCC4
ATG7
VCAN
GREB1
SYT10
CCNQ
ALG10
SRI
SEC24B
PPP4C
DUSP9
PNCK
ALG10B
NTSR2
ASAP1
CPNE8
STEAP4
HAPLN1
SRF
EDIL3
ZNF804B
TBX6
CUL9
TEX47
VGLL4
STEAP1
MCUB
YPEL3
LPIN1
CASP6
STEAP2
PGAP2
KIF21A
COX7C
ADCY8
PLA2G12A
GDPD3
AC126283.2
SLC6A8
CFI
RASA1
MAPK3
DNPH1
MMP23B
GAR1
TTBK1
BCAP31
FSD2
CFAP69
EFR3A
RRH
SLC22A7
LRIT3
EGF
WHAMM
HOMER2
ABCD1
TAMM41
CLMN
PLXNB3
CRIP3
FAM237B
GTPBP10
RAMAC
OC90
ZNF318
CCDC130
C15orf40
AC100868.1
HHLA1
SYNE3
SRPK3
TRIB2
CCNH
BTBD1
KCNQ3
MRI1
ELOVL6
ABCC10
CDK11B
C19orf53
SYN2
CORO1A
ENPEP
ZSWIM4
RHOG
ABCD2
CLDN12
GLRX5
LRATD1
TM6SF1
NANOS3
C12orf40
LRRC6
C19orf57
DLK2
IDH3G
STIM1
SLC2A13
CC2D1A
CDK14
TMEM161B
TJAP1
TIMP4
LRRK2
HDGFL3
TMEM71
TCL1B
NBAS
TCL1A
BNC1
PHF20L1
PITX2
SH3GL3
SSR4
PODNL1
TUNAR
LRRC73
C14orf132
BOLA2B
BDKRB2
SLX1A
POLR1C
AL355102.2
ADAMTSL3
PPARG
BDKRB1
DCAF15
PDZD4
ATG2B
RFX1
AC002456.2
RRM1
FAM241A
FZD1
L1CAM
AP1AR
SULT1A3
RLN3
GSKIP
IL27RA
MTERF1
AK7
MUC19
PALM3
TG
AKAP9
TIFA
ALPK1
MISP3
PAPOLA
C19orf67
SAMD1
CNTN1
PRKACA
SSU72P5
SSU72P2
GOLGA6L4
NPIPB13
SSU72P4
YIPF3
SSU72P3
SSU72P7
OR52B4
TRIM21
ASF1B
OR52K2
NEUROG2
OR52K1
CD2BP2
ZGRF1
ADGRL1
TRIM68
ZSCAN2
OR52M1
TBC1D10B
OR52I2
OR52I1
OR51D1
OR51E1
XPO5
PDZRN4
OR51E2
MYLPF
OR51C1P
MMP26
U52112.1
SLC35E2B
LARP7
SLA
AVPR2
ADGRE5
OR51F1
ZNF48
WDR73
CYP51A1
OR52R1
ARHGAP4
OR51F2
GXYLT1
MEF2C
OR51S1
SEPTIN1
OR51T1
AC000120.2
OR51A7
AC000120.3
OR51G2
YAF2
VRK1
OR51G1
LRRD1
OR51A4
OR51A2
POLH
OR51L1
OR52J3
OR52E2
KRIT1
OR52A5
OR52A1
OR51V1
ZNF771
TSEN2
DDX39A
GTPBP2
HBB
CDK11A
DCTPP1
DDX1
PPHLN1
SEPHS2
HBD
ITGAL
NMB
MAD2L1BP
RSPH9
SEC11A
MRPS18A
HBG1
AC104389.6
BCL11B
HBG2
AC104389.5
PKN1
CCN4
ANK2
HBE1
VEGFA
SETD3
OR51B4
OR51B5
NAA10
OR51B2
OR51B6
NDRG1
OR51M1
OR51Q1
ZNF592
MKRN2OS
OR51I1
OR51I2
MKRN2
OR52D1
ALPK3
UBQLN3
ZNF768
PTGER1
AC002310.4
UBQLNL
ZNF747
GIPC1
OR52H1
SLC28A1
CCNK
ZNF764
OR52B6
RAF1
ZNF688
TRIM6
RENBP
ZNF785
CCDC85C
ZNF689
DNAJB1
NADK
ANKIB1
HCFC1
PRR14
HHIPL1
GATAD1
TECR
ERVW-1
CYP46A1
TMEM187
PEX1
TRIM6-TRIM34
IRAK1
FBRS
PDE8A
GNB1
TRIM34
ZCRB1
TMEM40
EML1
SRCAP
TRIM5
AC106886.5
PRICKLE1
MECP2
TMEM265
CALML6
PHKG2
NDUFB7
TMEM52
CLEC17A
CFAP74
TRIM22
ADGRE3
OPN1LW
CCDC189
CAND2
OPN1MW
GABRD
OPN1MW2
EVL
ST3GAL1
OPN1MW3
RNF40
TEX28
RBM48
OR56B1
RPL32
AKAP13
TKTL1
OR52N4
OR56B2P
OR52N5
OR52N1
OR52N2
ZNF333
MYCN
OR52E6
OR52E8
FAM133B
OR52E4
OR52E5
OR56A3
OR56A5
OR52L1
OR56A4
OR56A1
IQSEC1
CDK6
OR56B4
ZFAT
OR52B2
FLNA
OR52W1
C11orf42
ADAMTS20
PRKCZ
CYRIA
FAM160A2
ADGRE2
SAMD9
SAMD9L
ZNF629
HEPACAM2
BCL7C
CNGA4
DEGS2
RAD51AP2
YY1
CCKBR
VSNL1
SLC25A29
NUP210
CAVIN3
CTF1
FBXL19
VPS50
PUS7L
CETN3
SMPD1
SLC25A47
MBLAC2
ORAI3
SMC6
POLR3G
WARS1
FAAP20
SETD1A
LYSMD3
HSD3B7
IRAK4
KLHL25
HDAC11
ADGRV1
SKI
APBB1
STX1B
AGBL1
MORN1
MRPL14
OR7C1
STX4
TMEM63B
OR7A5
OR7A10
OR7A17
NTRK3
OR7C2
GEN1
RER1
SLC1A6
KHDRBS3
MSGN1
KCNS3
CAPN11
CCDC105
RDH14
CASP14
OR1I1
NT5C1B-RDH14
SYDE1
PEX10
EMD
TWF1
MYMX
CALCR
WDR25
ZNF668
FBLN2
SLC29A1
ILVBL
RPL10
NT5C1B
ZNF646
PRSS53
TMEM117
PLCH2
AC135050.2
BEGAIN
VKORC1
FAM135B
OSR1
BCKDK
DNASE1L1
NOTCH3
ARRDC3
MRPL46
NELL2
WNT7A
AC013489.1
TTC32
DLK1
MRPS11
PANK4
EPHX3
COL22A1
GNGT1
DET1
WDR35
TAZ
BRD4
CHCHD4
TFPI2
AEN
HPX
TMEM43
HES5
ISG20
GNG11
BET1
ACAN
AC090004.1
TNFRSF14
MATN3
TRIM3
KAT8
AKAP8
XPC
LAPTM4A
COL1A2
KCNK9
AKAP8L
HSP90AB1
SDC1
ARFIP2
TRAPPC9
LSM3
PRSS8
HAPLN3
PRSS36
MFGE8
SLC6A6
PUM2
DBX2
PRXL2B
AC084337.2
ANO6
SLC35B2
TIMM10B
CHRAC1
FUS
NR2F1
AGO2
NFKBIE
WIZ
DNHD1
TMEM151B
CASD1
FAM172A
AL353588.1
ABHD2
TCTE1
MMEL1
AARS2
GRIP2
ATP6AP1
SPATS1
RASAL3
POU5F2
GDI1
KIAA0825
ARID2
RRP8
CDC5L
RLBP1
CCDC174
RHOB
SLF1
PGLYRP2
SGCE
PTK2
SUPT3H
FANCI
HS1BP3
RTL1
TTC34
PYCARD
CYP4F22
TRIM72
FAM50A
ACTRT2
ILK
PYDC1
MCTP1
C3orf20
ITGAM
GDF7
RUNX2
CYP4F8
SCAF11
PLXNA3
PRDM16
LDAH
CYP4F3
LAGE3
UBL4A
FGD5
SLC10A3
SLC38A1
CLIC5
DLG5
ITGAX
FAM3A
TAF10
ARHGEF16
CYP4F12
DIO3
APOB
PPP2R5C
FAM81B
ITGAD
ENPP4
ENPP5
OR10H2
MEGF6
OR10H3
RCAN2
NR2C2
TTC37
TPP1
OR10H5
POLR3A
OR10H1
COX6A2
CYP39A1
ZNF843
G6PD
ARMC5
TDRD15
SLC25A27
TPRG1L
RPS24
TGFB1I1
TDRD6
CYP4F2
PLA2G7
WRAP73
ANKRD66
MEP1A
CYP4F11
ARSK
MRPS25
KLHL29
IKBKG
GPR150
ADGRF5
RFESD
POLG
ATAD2B
RBSN
SPATA9
OR10H4
DYNC1H1
SLC38A2
ZMIZ1
RHOBTB3
ADGRF1
UBXN2A
PPIF
GLRX
TP73
CTAG1A
ZCCHC24
CTAG1B
MFSD2B
EIF5AL1
SLC5A2
CTAG2
SFTPA2
ELL2
CAPN7
TNFRSF21
GAB3
WDCP
TPM4
CD2AP
FKBP1B
SLC38A4
SFTPA1
PCSK1
RUSF1
DCHS1
ADGRF2
DKC1
SF3B6
AMIGO2
MRPL17
ADGRF4
FAM228B
PCED1B
OR2AG2
OR2AG1
OPN5
TP53I3
OR6A2
AHSP
OR10A5
SH3BP5
OR10A2
OR10A4
OR2D2
OR2D3
PFN4
PTCHD4
RPAP3
ZNF215
AC008073.3
CAST
MMUT
FAM228A
NUTM2B
CENPQ
ZNF720
NUTM2E
GLYATL3
ZNF214
C6orf141
NLRP14
MPP1
ENDOU
SFTPD
RHAG
RBMXL2
RAB8A
SYT9
ZNF267
TMEM254
METTL6
RAPGEF3
HSH2D
OLFML1
RHCG
EAF1
SMIM9
HSP90AA1
F8
DENND3
CIB3
ITSN2
TICRR
CRISP2
TP53TG3D
PLAC9
COLQ
FAM32A
ANXA11
PPFIBP2
H2AB1
F8A1
CCDC27
WDR20
FUNDC2
SMIM1
KIF7
AP1M1
BX470111.1
CMC4
LRRC47
TP53TG3
MTCP1
PLIN1
BRCC3
MOK
CRISP3
PEX11A
SLC45A4
WDR93
PGK2
CRISP1
MAT1A
VBP1
CEP104
MESP1
DYDC1
KLF2
MESP2
GPR20
HACL1
DEFB133
RAB39B
ANPEP
PTP4A3
DEFB114
CLIC2
DEFB113
DEFB110
DYDC2
DEFB112
EPS15L1
SLC48A1
H2AB2
F8A2
TFAP2D
F8A3
H2AB3
TP53TG3C
TFAP2B
TMLHE
PRXL2A
TP53TG3E
TP53TG3B
SPRY3
PKHD1
HDAC7
VAMP7
AC138647.1
TP53TG3F
TSNARE1
TSPAN14
AP3S2
CYB5R2
IL9R
AC136428.1
ZNF839
WASH6P
NCOA1
ADGRB1
ARPIN-AP3S2
DFFB
SH2D4B
ARPIN
CINP
IL17A
OVCH2
IL17F
ZNF710
NRG3
MCM3
TECPR2
C1orf174
IDH2
ARC
OR5P2
OR5P3
JRK
OR10A6
OR10A3
NLRP10
EIF3F
PSCA
SEMA4B
ANKRD9
LY6K
GHITM
RCOR1
PAQR8
AJAP1
THEM6
BTD
EFHC1
TRAF3
SLURP1
C10orf99
TUB
LYPD2
CDHR1
LYNX1-SLURP2
SLURP2
PTRHD1
LYNX1
SHCBP1
CENPO
NPHP4
CIB1
AMN
CALR3
LY6D
RIC3
AC008764.1
VPS35
GML
GDPGP1
CDC42BPB
C19orf44
AC091167.7
LRIT2
ANKRD28
TTLL13P
CYP11B1
VDR
AC091167.2
ADCY3
RGR
NGRN
AC091167.6
LMO1
ZNF774
CHERP
ORC6
IQGAP1
CYP11B2
LBHD2
EXOC3L4
STK33
LRIT1
MYLK3
TMEM106C
LY6E
TNFAIP2
CCSER2
SLC35E1
GALNT15
DNAJC27
C16orf87
MED26
GPT2
EIF5
AC008764.4
DPH3
DNAJA2
COL2A1
TRAM2
OXNAD1
SMIM7
GRID1
EFR3B
CRTC3
LY6L
LY6H
NETO2
TMEM14A
WAPL
TRIM66
GSTA2
GSTA1
GPIHBP1
ZFP41
RFTN1
MARK3
ITFG1
GSTA5
AC138696.1
RPL27A
GLI4
GSTA3
BLM
GSTA4
ZNF696
OPN4
TOP1MT
CILK1
SENP1
LDB3
POMC
PEG10
PHKB
CKB
TMEM38A
DAZL
AL031178.1
NWD1
FBXO9
PPP1R9A
TRMT61A
BMPR1A
BAG5
PLCL2
KLC1
DNMT3A
DENND2B
MMRN2
AL031178.2
GCM1
PFKM
ERAP1
FURIN
SNCG
ELOVL5
ADIRF
TBC1D5
SIN3B
RHPN1
KCNAB2
GCLC
FAM25A
FES
GLUD1
MAFA
ZC3H3
ABCC12
PON1
ERAP2
SHLD2
GSDMD
PON3
F2RL3
CPAMD8
PON2
NUTM2A
KLHL31
LRRC1
NUTM2D
LNPEP
MROH6
MLIP
MINPP1
MAN2A2
HAUS8
NAPRT
ASB4
PAPSS2
SATB1
LIX1
RIOK2
DTNB
PDK4
ATAD1
DYNC1I1
ABCC11
KLLN
PTEN
MYO9B
RGMB
HDDC3
RNLS
TINAG
LIPJ
CHD1
UNC45A
LIPF
FAM83B
HCRTR2
GFRAL
HMGCLL1
EEF1D
LONP2
LIPK
LIPN
LIPM
KCNH8
ANKRD22
STAMBPL1
USE1
EFHB
RCCD1
ASB8
FAM174A
ST8SIA4
AKIP1
ACTA2
BMP5
SIAH1
SLCO4C1
OCEL1
COL21A1
RAB5A
PRC1
N4BP1
SLCO6A1
FAS
CCDC184
PP2D1
OR10AD1
NR2F6
H1-7
KAT2B
CBLN1
ZNF641
AC010646.1
USHBP1
C11orf16
SLC25A13
ANP32D
C12orf54
AC068831.6
PAM
ASCL3
COA8
ASXL2
VPS33B
TMEM9B
OR8S1
OR5BS1P
LALBA
SEM1
SGO1
KANSL2
BABAM1
AL139300.1
C16orf78
XRCC3
NRIP3
ZNF423
KIF3C
CCNT1
SCUBE2
DLX6
DLX5
DST
SDHAF3
TEX49
SV2B
CNEP1R1
TAC1
ADCY6
RAB10
ZFYVE21
SLCO3A1
ASNS
GAREM2
CH25H
PPP1R13B
LIPA
AC010463.1
CACNB3
HEATR3
ANKLE1
ST8SIA2
DENND5A
HADHA
ZNF385D
TENT4B
IFIT2
IFIT3
IFIT1B
IFIT1
FAM174B
IFIT5
ADCY7
SLC16A12
UBE2E2
ATP5MPL
ABHD8
PANK1
MRPL34
UBE2E1
DDA1
TDRD9
GIN1
AC013394.1
OCM2
DDX23
KIF20B
ANO8
LMTK2
CHD2
TMEM41B
NKIRAS1
BHLHA15
HADHB
PPIP5K2
TECPR1
GTPBP3
RND1
IPO7
AC073610.2
CCDC65
RD3L
RPL15
ASPG
FKBP11
BRI3
BRD7
BAIAP2L1
HTR7
RPP30
KIF26A
CHD5
ARF3
NPTX2
TMEM130
TIGD5
NR1D2
ZNF143
PYCR3
TMEM179
NKD1
WNT10B
C14orf180
GFUS
PLVAP
WNT1
SNX20
ADGRF3
DDN
ANKRD1
TRRAP
CCDC194
BST2
NOD2
PRKAG1
PCGF5
AL031847.1
INF2
RPL22
RGMA
HECTD2
SELENOI
MVB12A
THRB
MACIR
RNF207
CYLD
ZNF623
DRC1
NUDT12
ZNF707
ICMT
PPP1R3C
TNKS2
HES3
GPR153
TMEM221
FGFBP3
AC010319.2
BTAF1
NXNL1
KMT2D
EFNA5
OTOF
SLC27A1
FBXL17
ACOT7
PGLS
WEE1
FER
MCTP2
RHEBL1
CPEB3
DHH
CCDC166
NIBAN3
MAPK15
PJA2
LMBR1L
MARCHF5
MAN2A1
SWAP70
HES2
FAM83H
IDE
IQANK1
ESPN
SCRIB
TMEM232
RARB
SBF2
SLC25A46
SALL1
KIF11
ADSS1
TUBA1B
HNRNPA1P48
COLGALT1
NR2F2
TSLP
FAM166C
WDR36
CIB4
BEND6
UNC13A
TUBA1A
SIVA1
TNFRSF25
HHEX
KIAA1586
TOX3
KCNK3
SMURF1
EXOC6
SLC35F6
ZNF451
TOP2B
TUBA1C
AKT1
ADM
CAMK4
CENPA
AC007906.2
PRPH
ARRDC4
KPNA7
CHD9
MAP1S
PUF60
DPYSL5
AMPD3
TROAP
CYP26C1
STARD4
AC004922.1
ARPC1A
CYP26A1
IGF1R
MYOF
ARPC1B
BAG2
ZBTB42
RAB23
CEP170B
FCHO1
NREP
PRIM2
MTRNR2L8
RNF141
MAPRE3
PGPEP1L
SYNM
PLD4
LYVE1
C1QL4
DNAJC22
CEP55
FFAR4
TTC23
NGLY1
SPATS2
RBP4
AHNAK2
PDAP1
CLBA1
PDE6C
NRBP2
IRAG1
BUD31
FRA10AC1
CAMK2D
CDCA4
KHDRBS2
GPR132
PTCD1
EPB41L4A
FKBP1C
TMEM214
LGI1
RBL2
LGSN
LRRC28
ATP5MF-PTCD1
JAG2
EPPK1
PTP4A1
CPSF4
KCNH3
PLEC
AL135905.2
PHF3
PLEKHG5
APC
MCRS1
OXSM
AKTIP
ATP5MF
MEF2A
EYS
SLC35G1
NUDT14
LRRC3B
PLCE1
ZNF789
CTR9
NEK10
BRF1
ZNF394
AGBL5
RPGRIP1L
ZKSCAN5
AC008575.1
LYSMD4
SRP19
FAM200A
EIF4G2
ZNF655
REEP5
ADAMTS17
NOC3L
OST4
PRPF40B
EMILIN1
ADGRB3
TBC1D12
DCP2
CERS3
HELLS
LMBRD1
KHK
MCC
AC005020.2
ARSJ
TMEM225B
B3GNT3
UGT8
ZSCAN25
FAM186B
FTO
INSL3
NDST4
JAK3
BTBD6
SLC4A7
CYP3A5
TSSK1B
FMNL3
ZBED5
LINS1
YTHDC2
PACS2
MTRNR2L13
CGREF1
NOL9
TRAM1L1
TAS1R1
GALNT18
ASB7
RPL18A
CSNK2A3
IRX3
KCNN2
ZBTB48
CYP3A7-CYP3A51P
ABHD1
COL19A1
ALDH1A3
USP47
NDST3
SLC5A5
CYP3A7
KLHL21
TRIM36
TMBIM6
CYP3A4
CCDC124
PHF13
PREB
PRSS12
LRRK1
IRX5
KCNN1
COL9A1
THAP3
PGGT1B
IRX6
ARRDC2
TEX22
MMP2
MTA1
METTL14
CCDC112
DNAJC11
DKK3
IL12RB1
PRR30
TCF23
SEC24D
CHSY1
CYP3A43
SELENOS
FEM1C
CYP2C18
TICAM2
TMED7-TICAM2
AL583836.1
CYP2C19
CAMTA1
TMED7
MAST3
SLC5A6
CDO1
CYP2C9
FAM135A
SNRPA1
LPCAT2
ATG12
AC007192.1
PIK3R2
VAMP3
CYP2C8
CAPNS2
SYNPO2
MICAL2
SLC6A2
AP3S1
IFI30
NCKAP5L
PER3
MPV17L2
BCDIN3D
MYOZ2
CRIP2
FAIM2
RAB3A
LVRN
PCSK6
ACSM6
USP53
AC008397.2
PDLIM1
PDE4C
ATRAID
C4orf3
SORBS1
FABP2
OR2AE1
TRIM4
SDHAF4
GJC3
SMAP1
AZGP1
PDE5A
ARL14EPL
PARVA
CES1
CRIP1
COMMD10
UTS2
CAD
ZKSCAN1
AQP2
TNFRSF9
AQP5
AL928654.3
SEMA6A
ZSCAN21
AQP6
B3GAT2
TEAD1
PARK7
ZNF3
AC008397.1
TEDC1
IQCN
OGFRL1
RACGAP1
JUND
RASSF10
LSM4
ERRFI1
CES5A
MAD2L1
RIMS1
PGPEP1
SLC45A1
GDF15
ARNTL
PRDM5
LRRC25
DTWD2
SLC30A3
SSBP4
DMXL1
RERE
PARP10
COPS6
DNAJC5G
NDNF
TM2D3
TRIM54
TNIP3
TMEM121
ISYNA1
MCM7
GNAO1
UCN
TARS3
QRFPR
TNFAIP8
MPV17
ANXA5
ELL
ASIC1
HSD17B4
GRINA
OR4F6
OR4F15
AMFR
OR4F4
FKBP8
ENO1
SPATC1
AP4M1
OPLAH
BTBD10
NUDT21
SMARCD1
EOMES
OGFOD1
TMEM155
GTF3C2
EXOSC4
PTH
GPAA1
EXOSC9
FAR1
KXD1
BBS2
GPD1
CMC1
COX14
AZI2
CYC1
SPON1
CERS5
CA6
MT4
SHARPIN
MT3
UBA52
MT2A
RRAS2
MT1E
SLC2A7
CCNA2
TAF6
MT1M
MAF1
EIF2B4
BBS7
ZCWPW2
MT1A
SLC2A5
MT1B
MT1F
AC098650.1
WDR97
MT1G
LIMA1
COPB1
MT1H
CRLF1
TRPC3
GPR157
RBMS3
MT1X
HGH1
REX1BD
H6PD
FAM170A
NUP93
MROH1
TMEM59L
SPSB1
PRR16
SLC25A33
KIAA1109
KLHL26
TMEM201
FAM186A
FTMT
SRFBP1
CRTC1
AC018523.2
CNPY4
LOX
LARP4
MBLAC1
ALDH18A1
PSMA1
LAMTOR4
SNX17
ZNF474
COMP
PIK3CD
AC010255.2
BOP1
TCTN3
MAP11
SNCAIP
SLC12A3
TGFBR2
GAL3ST4
ENTPD1
GADL1
GPC2
SCX
HSF1
ZNF513
UPF1
ADAD1
STT3B
STAG3
PPM1G
PDE3B
KCNQ5
OSBPL10
IL2
DGAT1
IL21
HERPUD1
AL365273.2
NRBP1
CC2D2B
GDF1
CYP2R1
CERS1
BBS12
CLSTN1
FGF2
CALCB
NUDT6
ZNF860
CCNJ
COPE
SNX2
SCRT1
GPD1L
CALCA
SPATA5
AL365232.1
SLC52A2
KHDC1L
ZNF518A
KHDC1
DIP2B
CMTM8
SPRY1
TMEM249
BLNK
CMTM7
DPPA5
KHDC3L
CTNNBIP1
KRTCAP3
ATF1
CETP
OOEP
AC233992.2
FBXL6
SNX24
DDX43
INSC
CMTM6
PVRIG
TMPRSS12
SPDYE3
METTL7A
DYNC1LI1
CGAS
LZIC
HIGD1C
MTO1
PPIC
ADCK5
ANKRD50
AC002985.1
SLC11A2
PRDM6
DDX49
FAT4
NMNAT1
PILRB
CEP120
RBP7
NLRC5
CPSF1
CNOT10
UBE4B
INTU
PILRA
HOMER3
DNTT
SLC25A31
CSNK1G3
HSPA4L
IFT172
OPALIN
ZCWPW1
EEF1A1
SOX6
TRIM71
CCR4
MEPCE
TLL2
SUGP2
PPP1R35
PLK4
GLB1
SLC39A4
C7orf61
TSC22D4
TM9SF3
ZNF608
NYAP1
AGFG2
VPS28
ARMC6
CPNE2
KIF1B
C11orf58
LETMD1
TMPPE
SAP25
PIK3AP1
MFSD8
CRTAP
LRCH4
GRAMD2B
SUSD5
PLEKHA7
PSME3IP1
LCOR
FBXO24
FBXL2
SLIT1
SLC25A42
TMEM161A
RPS13
TONSL
CSRNP2
PCOLCE
PIK3C2A
MOSPD3
TFCP2
RSPRY1
ALDH7A1
CYHR1
TFR2
ARL2BP
POU6F1
NUCB2
ARHGAP19-SLIT1
ARHGAP19
MEF2B
PLLP
CCL22
KIFC2
DAZAP2
CX3CL1
UBP1
CCL17
FNDC4
SLC17A5
FRAT1
BORCS8-MEF2B
CIAPIN1
FRAT2
FOXH1
SMAGP
CD109
RRP12
PPP1R16A
ACTL6B
GCKR
BIN2
NCR3LG1
BORCS8
GNB2
KCNJ11
C2orf16
GPT
CELA1
RFXANK
ZNF512
GALNT6
COL12A1
MFSD3
COQ9
CLASP2
PGD
RECQL4
CENPS-CORT
ABHD18
PHAX
CCDC121
CENPS
CORT
DFFA
SLC4A8
ABCC8
LARP1B
POLR2C
PEX14
PGAM1
TEX43
GPN1
GIGYF1
NR2C2AP
LMNB1
EXOSC1
CASZ1
NCAN
LRRC14
DOK4
HAPLN4
TM6SF2
MARCHF3
C1orf127
POP7
LRRC24
EPO
C5orf63
SUGP1
C8orf82
ZDHHC16
ZAN
MEGF10
ARHGAP39
PGRMC2
SCN8A
TARDBP
SUPT7L
ZNF251
JADE1
CCDC102A
ZNF34
ADGRG5
MAU2
RPL8
SLC4A1AP
PRRC1
EPHB4
GATAD2A
ADGRG1
SCLT1
PDCD6IP
MRPL33
COX7A2
TSSK6
NDUFA13
CTXN3
RBKS
CCDC192
AC011448.1
AL109811.3
TMEM30A
YJEFN3
SLC12A9
C4orf33
MASP2
CILP2
SLC12A2
BABAM2
SRM
TMDD1
PBX4
FIGNL2
ANKRD33
LPAR2
EXOSC10
ACVRL1
FILIP1
GMIP
TRIP6
SENP6
ACVR1B
ZNF517
MMS19
ZNF7
FBN2
SRRT
ARPP21
PCDH10
ATP13A1
TAMALIN
MTOR
FOSL2
NR4A1
PABPC4L
ZNF101
PCDH18
COMMD5
ZNF14
MYO6
ATG101
SLC27A6
PLB1
ZNF250
SMIM41
ZNF506
ISOC1
ADAMTS19
KRT80
ZNF253
ANGPTL7
ZNF93
USH1C
MINAR2
CHSY3
UBIAD1
ZNF682
SLC7A11
ZNF16
KRT7
DISP3
HINT1
UFSP1
ACHE
ZNF90
LYRM7
UBTD1
KRT86
ANKRD2
FBXO2
HOGA1
CDC42SE2
C8orf33
ZNF486
KRT81
NOCT
AL355315.1
C10orf62
MORN4
MUC3A
ELF2
RAPGEF6
PI4K2A
KRT83
FBXO44
MUC12
ZNF737
AVPI1
KRT85
MARVELD1
ZNF626
PPP1CB
MUC17
KRT84
ZFYVE27
OTOG
KRT82
ZNF66
ZNF85
KRT75
FBXO6
TRIM56
MGARP
KRT6B
SERPINE1
KRT6C
NDUFC1
AP1S1
SPDYA
KRT6A
MYOD1
ZNF430
VGF
KCNC1
KRT5
NAT16
SFRP5
NAA15
ZNF714
GOLGA7B
MOGAT3
MAD2L2
CRTAC1
TRMT61B
KRT71
ZNF431
KRT74
PLOD3
KRT72
WDR43
SERGEF
STAC
IMPG1
R3HCC1L
ZNF708
KRT73
ZNF738
TOGARAM2
RAB33B
ZNHIT1
KRT2
ZNF493
SETD7
LOXL4
KRT1
PCARE
CLDN15
AC010615.4
KRT77
HTR1B
MEI4
ADGRG3
PYROXD2
IRAK1BP1
ZNF429
KRT76
FIS1
PHIP
KRT3
MGST2
HPS1
DCLK3
DRAXIN
KRT4
HMGN3
CLIP4
ZNF100
KRT79
DRC7
IFT22
MAML3
TRANK1
AGTRAP
KRT78
ZNF43
LCA5
SCOC
KRT8
EPM2AIP1
TPH1
ZNF208
SH3BGRL2
COL26A1
ELOVL4
HPSE2
CLGN
AC008695.1
TTK
FNIP1
C1orf167
ZNF257
SAAL1
MGAT4D
CNNM1
MYL10
KATNB1
ZNF676
ZNF729
ELMOD2
KRT18
GOT1
ZNF98
CUX1
UCP1
ALK
MTHFR
NKX2-3
TBC1D9
SLC25A28
EIF4B
MEIKIN
MLH1
AL133353.2
ZNF492
AC034228.3
ENTPD7
RNF150
MRGPRX3
CUTC
BCKDHB
ZNF99
KIFC3
MRGPRX4
ZNF723
ACSL6
COX15
ZNF728
SAA4
ZNF330
SAA2-SAA4
ABCC2
SAA2
TENT5A
ZNF730
ZNF724
AC092329.3
IL15
IBTK
ZNF91
DNMBP
SAA1
CLCN6
ZNF675
INPP4B
TNS2
CPN1
ZNF681
HPS5
ERLIN1
NPPA
NPPB
ZNF726
KIAA2013
CHUK
YPEL5
PLOD1
CWF19L1
ZNF254
LBH
BLOC1S2
GTF2H1
USP38
PKD2L1
CNGB1
LCLAT1
GAB1
SCD
SH2B2
TPBG
SPDYE6
UBE3D
PRKRIP1
CAPN13
SMARCA5
WNT8B
MFN2
SEC31B
LDHA
DOP1A
ORAI2
TEPP
ZNF319
ALKBH4
USB1
FREM3
LRWD1
SPRYD3
GYPE
GALNT14
GYPB
UQCRFS1
IGFBP6
POLR2J
AL133352.1
VSTM2B
MMP15
POP4
RASA4B
NDUFB8
SOAT2
IL3
CFAP20
PGM3
GYPA
CSF2
HIF1AN
LRRFIP2
CSNK2A2
PLEKHF1
P4HA2
C19orf12
PAX2
POLR2J3
CCDC113
CSAD
CCNE1
CAPN14
PRSS54
UPK3BL2
AC093668.1
SPDYE2
URI1
MIIP
GINS3
EHD3
POLR2J3
SLF2
XDH
RASA4
TNFRSF8
NDRG4
ZNF536
PDLIM4
LDHC
TSHZ3
MRPL43
SRD5A2
TNFRSF1B
SLC22A4
AC098588.2
MEMO1
HHIP
SLC22A5
AC105052.1
UPK3BL1
SEMA4G
ZNF740
RWDD2A
AC105052.3
ME1
SPDYE2B
DPY30
POLR2J2
ITGB7
ANAPC10
AC116366.2
FAM185A
PRSS35
IRF1
LDHAL6A
SNAP91
FBXL13
GOLGA4
ZNF507
TSG101
TWNK
VPS13D
DPY19L3
SPAST
IL5
RARG
ABCE1
RAD50
LZTS2
UEVLD
PDZD7
PDCD5
LRRC17
ARMC10
SFXN3
ANKRD27
OTUD4
KAZALD1
AC021072.1
ITGA9
MFSD5
ESPL1
TLX1
NAPEPLD
LBX1
BTRC
SPTY2D1OS
IL13
RGS9BP
SPTY2D1
NUDT19
PFDN5
TDRD12
SMAD1
TMEM86A
IL4
IGSF22
MMAA
CTDSPL
KIF3A
SLC7A9
DPCD
PMPCB
PTPN5
C4orf51
MYG1
ZNF827
DHRS3
POLL
SLC30A6
AADACL4
AADACL3
C1orf158
VILL
DNAJC2
CEP89
PRAMEF12
AAAS
PRAMEF1
CCNI2
PRAMEF11
NLRC4
SEPTIN8
MRGPRX1
MRGPRX2
HNRNPCL1
PRAMEF2
FAAP24
PRAMEF4
ZDHHC13
YIPF4
PRAMEF10
PLCD1
RHPN2
LSM6
PRAMEF7
PRAMEF6
REELD1
SETD6
SLC10A7
BIRC6
PRAMEF27
HNRNPCL3
GPATCH1
PSMC2
PRAMEF25
FBXW4
HNRNPCL2
PRAMEF26
POU4F2
HNRNPCL4
CSRP3
TTC29
PRAMEF9
WDR88
PRAMEF13
PRAMEF18
FGF8
CNOT1
PRAMEF5
LRP3
PRAMEF8
SLC26A5
DLEC1
SLC7A10
EDNRA
PRAMEF33
E2F8
SOWAHA
PRAMEF15
SHROOM1
SP7
SP1
NPM3
CEBPA
PRAMEF14
TMEM184C
GDF9
CEBPG
PRAMEF19
OGA
PRAMEF17
TTC27
PEPD
PRAMEF20
AMHR2
UQCRQ
PRMT9
LRRC38
LEAP2
ARHGAP10
AFF4
PDPN
RIPPLY2
PRR13
CYB5R4
ACAA1
NAV2
MRAP2
KCNIP2
CEP162
NR3C2
ZCCHC10
PRDM2
PCBP2
HSPA4
CHST8
LTBP1
KCTD15
KAZN
IQCM
TBX18
DCLK2
FSTL4
LSM14A
NT5E
C5orf15
MYD88
TMEM51
VDAC1
GARRE1
SNX14
TCF7
LRBA
FHAD1
OXSR1
GPI
SLC38A7
ARMH3
HPS6
LDB1
SLC22A13
EFHD2
SLC22A14
CTRC
PPRC1
GOT2
CELA2A
RASGRP3
CELA2B
XYLB
SKP1
NOLC1
MAP3K12
CASP9
RELN
CDH8
FAM98A
AC092073.1
PDCD2L
ELOVL3
TARBP2
AC104109.3
PPP2CA
PITX3
UBA2
CDKL3
DNAJC16
ACVR2B
GBF1
UBE2B
DBX1
MAB21L2
HTATIP2
CDH11
RPS3A
CDKN2AIPNL
WTIP
EXOG
ORC5
CRIM1
JADE2
SCGB2B2
ATF7-NPFF
NPFF
PRMT3
ZNF302
AGMAT
ATF7
AL589666.1
SAR1B
LHFPL3
DDI2
SYNCRIP
RSC1A1
SH3D19
FEZ2
KMT2E
SLC6A5
PLEKHM2
SEC24A
CDH5
ATP5MC2
CAMLG
DDX46
CALCOCO1
ZNF181
SCN5A
SLC25A34
NELL1
ZNF599
TMEM82
PRSS48
BEAN1
FBLIM1
FAM160A1
C5orf24
VIT
TXNDC15
AC010542.3
GATB
SRPK2
ZNF30
PCBD2
UQCRHL
TK2
CATSPER3
SPEN
ZNF792
GRAMD1A
PITX1
STRN
ZBTB17
MACROH2A1
ANO5
HOXC13
HOXC12
PUS7
HEATR5B
FBXW7
SCN1B
HOXC11
HOXC10
AC012531.3
RINT1
SLC17A6
HOXC6
SRARP
HOXC9
GPATCH11
HSPB7
HOXC8
HOXC4
FANCF
TMEM154
HPN
EFCAB10
HOXC5
TIGD4
ARFIP1
GAS2
DCANP1
TIFAB
ATXN7L1
NEUROG1
CXCL14
SMUG1
CLCNKA
SLC25A48
AC020907.6
FXYD3
EIF2AK2
CDHR3
HTR1E
CGA
IL9
SVIP
FHDC1
CCDC179
LECT2
ZNF292
SYPL1
CLCNKB
TRIM2
LUZP2
TGFBI
CBX5
GJB7
NAMPT
SMIM8
FAM131C
C6orf163
SCN10A
CKLF
EPHA2
CFAP206
ANO3
HNRNPA1
LGI4
SULT6B1
CCDC71L
CKLF-CMTM1
AL049697.1
CEBPZOS
ARHGEF19
PIK3CG
SMAD5
CMTM1
SLC35A1
CEBPZ
CPLANE2
FXYD1
FBXO42
SCN11A
AC013477.1
PRKAR2B
MUC15
SMIM32
RARS2
MND1
SZRD1
TRPC7
ORC3
NDUFAF7
SLC5A12
HBP1
TMEM131L
CMTM2
CMTM3
FIBIN
FXYD7
SPATA21
BBOX1
FXYD5
SPOCK1
COG5
NECAP2
CCDC34
PRKD3
AKIRIN2
WDR48
KLHL3
SPACA1
LGR4
TLR2
CNR1
RNF175
CMTM4
HNRNPA0
LIN7C
NFKB2
DYNC1LI2
NBPF1
RNGTT
GPR22
SFRP2
MYOT
DUS4L
GORASP1
QPCT
DCHS2
PKD2L2
CDC42EP3
FAM187B
DUS4L-BCAP29
LSR
PLRG1
PNRC1
SRSF12
BCAP29
CROCC
NFE2
TERB1
FAM13B
PM20D2
GABRR1
COPZ1
RMDN2
TTC21A
FGB
GABRR2
NAE1
PSD
UBE2J1
RRAGD
FGA
ANKRD6
FBXL15
WNT8A
SLC26A4
CUEDC2
USF2
FGG
CSRNP1
CYP1B1
NME5
XIRP1
MFAP2
BRD8
CBLL1
CX3CR1
C10orf95
MFSD13A
CCR8
LRAT
SLC25A38
ACTR1A
SLC26A3
RBM46
GPR84
ZNF385A
ATP13A2
SUFU
RPSA
HAMP
MAG
DLD
NPY2R
ATL2
MAP9
TRIM8
MOBP
LYRM2
ITGA5
MDN1
BDNF
ARL3
AL049569.3
SFXN2
SDHB
GTSF1
CD22
MYRIP
PADI2
CA7
GUCY1A1
KIF18A
NCKAP1L
PDP2
WBP1L
CDH16
METTL15
CASP8AP2
PADI1
CYP17A1
PADI3
LAMB1
GJA10
BACH2
PDE1B
PADI4
BORCS7
HNRNPLL
BORCS7-ASMT
PADI6
AS3MT
KIF20A
RCC2
KCNA4
CNNM2
FSHB
MAP3K7
ARL14EP
EIF1B
MPPED2
GUCY1B1
PPP1R1A
NT5C2
CDC23
FFAR1
FFAR3
GPR42
RRAD
ARHGEF10L
ENTPD3
LACRT
RPEL1
DCDC1
INA
CIAO2B
GFRA3
DCD
PCGF6
FFAR2
KRTDAP
GALM
CES2
MUCL1
TAF5
CDC25C
ATP5MD
RPL14
ACTL8
DNAJC24
TESPA1
DMKN
IGSF21
ASIC5
SRSF7
IMMP1L
PDCD11
TDO2
EPHA7
KLHDC7A
PAX7
CTSO
CES3
ZNF619
MANEA
TAS1R2
PDGFC
FUT9
ZNF620
NEUROD4
UFL1
CES4A
OR9K2
FAM53C
ALDH4A1
GEMIN6
FHL5
ELP4
OR10A7
OR6C74
GLRB
ZNF621
CALHM2
OR6C6
GPR63
OR6C1
NDUFAF4
OR6C3
CALHM1
KLHL32
KDM3B
CALHM3
OR6C75
DHX57
NEURL1
OR6C65
OR6C76
GRIA2
OR6C2
OR6C70
OR6C68
IFFO2
SH3PXD2A
OR6C4
OR2AP1
OR10P1
CBFB
METTL7B
STN1
MMS22L
REEP2
ITGA7
MORN2
SLK
C16orf70
LAMB4
UBR4
ARHGEF33
EGR1
ETF1
COL17A1
SOS1
B3GNT9
TRADD
FBXL8
GASK1B
NRCAM
HSPA9
POU3F2
AC074143.1
FBXL4
HSF4
FAXC
CDKL4
TMEM144
COQ3
CTNNB1
PNISR
AC009779.3
BLOC1S1
SFR1
USP45
RDH5
NOL3
CFAP43
MAP4K3
CD63
EMC1
KIAA0895L
GSTO1
EXOC3L1
RXFP1
GSTO2
CTNNA1
ITPRIP
E2F4
CFAP58
SORCS3
TSTD3
ELMO3
PAX6
MRTO4
CCNC
SORCS1
AKR7A3
PNPLA8
AKR7A2
LRRC29
C4orf46
ETFDH
TMEM208
TMEM178A
GDF11
SARNP
FHOD1
THUMPD2
SLC66A1
PPID
AC023055.1
THAP5
FNIP2
ORMDL2
DNAJB9
DNAJC14
SLC9A5
C4orf45
LRRTM2
SIL1
RAPGEF2
CAPZB
IMMP2L
MMP19
SLC8A1
PLEKHG4
LRRN3
XPNPEP1
MATR3
DOCK4
PYM1
FSTL5
DGKA
MICOS10
PKDCC
KCTD19
NAF1
NBL1
NPY1R
EML4
LRRC36
NPY5R
TKTL2
TMA16
MICOS10-NBL1
PRDM13
MCHR2
HTR6
SIM1
MARCHF1
TMCO4
TPPP3
ASCC3
ADD3
MATR3
COX7A2L
RNF186
ZDHHC1
OTUD3
SMIM31
PLA2G2E
APELA
PLA2G2A
KCNG3
HSD11B2
PLA2G5
TRIM61
TRIM60
ATP6V0D1
PLA2G2D
PLA2G2F
TRIM75P
TMEM192
PLA2G2C
UBXN10
KLHL2
VWA5B1
MTA3
GRIK2
PMEL
AGRP
HACE1
MXI1
CAMK2N1
MUL1
RIPOR1
GK3P
FAM43B
MSMO1
CDA
PINK1
CPE
DDOST
TLL1
KIF17
PAIP2
SBSN
LIN28B
ZNF277
GAPDHS
SLC23A1
BVES
CDK2
SH2D5
SPOCK3
TMEM147
OXER1
MZB1
IFRD1
HAAO
POPDC3
PROB1
PREP
SPATA24
HP1BP3
RAB5B
ATP4A
DNAJC18
CTCF
ZFP36L2
SMNDC1
PRDM1
PMIS2
SUOX
AC142391.1
DUSP5
HAUS5
ECSCR
SMC3
SMIM33
AC005192.1
STING1
AC079741.2
LSMEM1
ULK4
ATG5
IKZF4
RBM42
EIF4G3
CARMIL2
THADA
UBE2D2
TMEM168
RPS26
RBM20
PDCD4
BMT2
CXXC5
ERBB3
ETV2
TRAK1
ACD
PSD2
GPR85
BBIP1
NRG2
CRYBG1
COX6B1
ANXA10
SMIM30
PARD6A
PPP1R3A
UPK1A
AC034102.2
ENKD1
RTN4IP1
PA2G4
DDX60
QRSL1
FOXP2
ZBTB32
C16orf86
SHOC2
GFOD2
KMT2B
RANBP10
DDX60L
RPL41
ADRA2A
PURA
GPAM
ESYT1
CD24
IGIP
CYSTM1
MTRES1
PFDN1
BEND3
PDSS2
CCK
SOBP
HBEGF
PALLD
IGFLR1
LYZL4
TSNAXIP1
SCML4
SLC4A9
TECTB
AL035078.4
AD000671.2
U2AF1L4
RCN1
ZC3H10
VIPR1
SEC63
MYL6B
ACSL5
ECE1
PSENEN
WT1
AD000671.1
LIN37
MYL6
CBR4
PLEKHH2
HSPB6
OSTM1
PROSER3
SH3RF1
NR2E1
NEK1
ANKHD1
C1GALT1C1L
SNX3
ZDHHC6
ARHGAP33
AFG1L
SEC22C
VTI1A
DYNC2LI1
EIF3M
FOXO3
NBPF3
TCF7L2
CENPT
SMARCC2
CCDC73
ARMC2
PRODH2
PRRG4
ANKHD1-EIF4EBP3
NPHS1
QSER1
SS18L2
ABCG5
SESN1
MDFIC
ALPL
NKTR
DEPDC7
SRA1
ABCG8
EIF4EBP3
TFEC
APBB3
KIRREL2
TCP11L1
CLCN3
LRPPRC
CEP57L1
THAP11
TES
ZBTB47
NUTF2
CSTF3
KLHL40
HHATL
EDC4
CAV2
PPM1B
RNF41
HPF1
APLP1
RAP1GAP
HIPK3
MFAP3L
CAV1
AC006059.2
MET
CCDC13
AADAT
NABP2
NRN1L
AC013717.1
PSKH1
HIGD1A
CTRL
SLC39A5
KIAA1549L
ACKR2
SLC3A1
AC040162.1
SLC35A4
PSMB10
NFKBID
AC092042.3
TMCO6
C11orf91
KRBOX1
ANKRD52
AL049629.2
HCST
LCAT
CYP8B1
ZNF662
COQ10A
GALNTL6
CD59
CD14
TYROBP
CAPZA2
NDUFA2
GASK1A
SLC12A4
IK
POMGNT2
LRFN3
GALNT7
CS
SNRK
SDHAF1
SYNE4
CD164
HMGB2
ALKBH6
ANO10
SAP30
FBXO3
SCRG1
ST7
HAND2
PPIL6
CLIP3
WDR55
PREPL
DND1
USP48
HARS1
THAP8
WDR62
LMO2
ABHD5
SMPD2
DPEP3
MICAL1
DPEP2
CAPRIN1
TOPAZ1
OVOL3
POLR2I
AC073896.1
CNPY2
TBCB
HARS2
TCAIM
DUS2
PAN2
LDLRAD2
FBXO8
CAPNS1
HSPG2
CAMKMT
ZBTB24
AK9
CEP44
SIX3
NAT10
CELA3B
SIX2
ZNF445
CELA3A
HPGD
SRBD1
ZNF852
ZKSCAN7
COX7A1
ZMAT2
IL23A
DPEP2NB
DDX28
FIG4
ZNF565
PRKCE
CDC42
STAT2
PCDHA1
NFATC3
ZNF146
GLRA3
PCDHA2
PCDHA3
ADAM29
HABP2
PCDHA4
ZNF660
WNT4
PCDHA5
NRAP
PCDHA6
ZFP14
ZNF197
EPAS1
ABTB2
ZFP82
ZBTB40
PCDHA7
ZNF566
PCDHA8
GPM6A
PCDHA9
PCDHA10
GPR6
ZNF35
CAT
EPHA8
AC106873.8
ZNF260
WASF1
PCDHA11
TMEM247
ZNF529
APOF
ATP6V1E2
C1QA
ZNF502
TIMELESS
C1QC
PCDHA12
WNT2
C1QB
RHOQ
ZNF382
ELF5
ZNF501
WDR17
KIAA1143
PCDHA13
CFTR
ZNF461
EPHB2
PIGF
KIF15
PCDHAC1
ZNF567
PCDHAC2
CDC40
CRIPT
ZNF850
EHF
PCDHB1
PCDHB2
MIP
SPATA4
SOCS5
AC097104.1
CASP7
SPRYD4
ASB5
LACTBL1
PCDHB3
ZNF790
TEX46
PCDHB4
PCDHB5
GLS2
METTL24
PCDHB6
SPCS3
PCDHB7
DDO
PCDHB8
KDM1A
PCDHB16
ZNF345
SLC22A16
VEGFC
PCDHB9
MCFD2
PCDHB10
ASZ1
PCDHB11
PCDHB12
CDK19
PCDHB13
PCDHB14
ZNF829
NEIL3
AC244517.10
APIP
PCDHB15
TAF7
SLC25A2
AGA
TMEM42
PLEKHS1
ZNF568
PCDHGA1
PCDHGA2
TGM4
PCDHGA3
CTTNBP2
PCDHGB1
LUZP1
PCDHGA4
PDHX
AMD1
PCDHGB2
PCDHGA5
DCLRE1A
PCDHGB3
PCDHGA6
PCDHGA7
ZNF420
ZDHHC3
HTR1D
PCDHGB4
NHLRC2
PCDHGA8
AC012309.1
TENM3
PCDHGB5
ADRB1
ZNF585A
PCDHGA9
PCDHGB6
CCDC186
TTC7A
PCDHGA10
PCDHGB7
LSM8
GTF3C6
PCDHGA11
DCTD
EXOSC7
ZNF585B
RPF2
ANKRD7
HNRNPR
TDRD1
PCDHGA12
SLC16A10
ZNF383
RBMS2
KCND2
PCDHGC3
CLEC3B
VWA2
MFSD4B
TSPAN12
CDCP1
AFAP1L2
TMEM158
WWC2
PCDHGC4
ING3
REV3L
LARS2
ZNF875
ESRP2
PCDHGC5
BAZ2A
CD44
DIAPH1
ABLIM1
PLA2G15
ZNF436
CLDN22
CLDN24
CDKN2AIP
CPED1
ING2
ZNF527
RWDD4
TCEA3
SLC7A6
ZNF569
LIMD1
ATP5F1B
TRAPPC11
ZNF570
WNT16
PTGES3
FAM3C
ASAP3
ZNF793
SACM1L
STPG4
HDAC3
FAM160B1
AC073283.3
STOX2
SLC7A6OS
PTPRZ1
ENPP6
ZNF540
TRUB1
PRMT7
ATRNL1
CALM2
ZNF571
RELL2
IRF2
NACA
TRAF3IP2
ZFP30
FCHSD1
E2F2
SLC6A20
ZNF781
GFRA1
AC093227.2
ID3
ZNF607
CASP3
RPL11
ARAP3
SMPD3
CCDC172
ZNF573
PNLIPRP3
FYN
LZTFL1
PNLIP
ELOA
PRIMPOL
WDR87
PNLIPRP1
ZFP90
PITHD1
SIPA1L3
EPCAM
LYPLA2
CENPU
CCR9
PCDH1
DPF1
FYCO1
AC117378.1
DELE1
PRIM1
CDH3
ACSL1
AASS
CXCR6
XCR1
PCDH12
HSD17B6
CCR3
RNF14
C10orf82
CDH1
CCR1
GALE
CCR2
CCR5
HSPA12A
SDR9C7
CCRL2
MSH2
RDH16
CCN6
GPR182
ZBTB39
TAC3
FEZF1
SPINT2
GNPDA1
LTF
CADPS2
ENO4
HMGCL
TUBE1
PPP1R14A
SHTN1
AC011479.1
FUCA1
FAM229B
NDFIP1
YIF1B
CNR2
SPRY4
PNRC2
LAMA4
HELT
FGF1
VAX1
SRSF10
MYO1A
TANGO6
KCNK18
SLC18A2
HAS3
SLC1A2
PDZD8
DERPC
MYOM3
CHTF8
SLC25A4
EMX2
RTP3
ARHGAP26
CFAP97
KCNK12
LRRC2
SNX25
UTP4
NEMP1
RAB11FIP2
IL22RA1
TDGF1
NAB2
IFNLR1
RNF133
RNF148
MSH6
TAS2R16
AC104304.2
FAM240A
SLC13A1
STAT6
C19orf33
ALS2CL
KCNK6
LRP2BP
IQUB
CATSPERG
FAM204A
GRHL3
ANKRD37
NR3C1
UFSP2
SNTB2
NDUFA5
PRLHR
AC026464.4
CACUL1
VPS4A
C4orf47
STPG1
COG8
CCDC110
NANOS1
EIF3A
PDF
AC026464.6
AC026464.3
AC026464.1
PSMD8
NIP7
TMIE
AC109583.1
PRSS50
FBXO11
ASB15
PRSS45P
NIPAL3
TMED6
PDLIM3
GGN
TERF2
LMOD2
WASL
MYL3
SPRED3
AL365214.2
DENND10
RFPL4B
HYAL4
FAM98C
CYB5B
SPAM1
RCAN3
MARCKS
PTH1R
SFXN4
NFAT5
HDAC2
TMEM229A
SORBS2
RASGRP4
FOXN2
HMHB1
YIPF5
SSU72P8
GPR37
PRDX3
NCMAP
POT1
PPP1R21
KCTD16
SRRM1
GRK5
PRELID2
RGS10
GRXCR2
CCDC12
SH3RF2
TIAL1
HS3ST5
PLAC8L1
FRK
NBEAL2
LARS1
NT5DC1
CLIC4
STON1
RUNX3
COL10A1
LRP1
TSPYL4
BAG3
DSE
SYF2
STON1-GTF2A1L
INPP5F
NQO1
TSPYL1
Z84488.1
RSRP1
CALHM6
TRAPPC3L
CALHM5
CALHM4
SETD2
RWDD1
NXPH4
NOB1
MCMBP
SHMT2
GTF2A1L
SEC23IP
WWP2
RSPH4A
KIF9
GRM8
ZUP1
KPNA5
PLPP4
AC073082.1
RYR1
FAM162B
GPRC6A
LHCGR
WDR11
RFX6
ZNF800
CLEC18A
VGLL2
PAMR1
TLR3
RHD
ROS1
FSHR
KLHL18
FAM149A
GCC1
PTPN23
ARF5
AL132671.2
FGFR2
DCBLD1
NDUFA4L2
STAC3
SCAP
FSCN3
FJX1
GOPC
TRIM44
PAX4
PDPR
LDLRAD3
AC091959.1
AC137834.1
RBM27
R3HDM2
NUS1
NRXN1
SLC35F1
COMMD9
POU4F3
CEP85L
SND1
TCERG1
MAP4K1
ELP6
PRR5L
CYP4V2
CLEC18C
KLKB1
LRRC4
PLN
LEP
MCM9
INHBC
TRAF6
CSPG5
INHBE
RBM28
GLI1
RAG1
F11
RAG2
ASF1A
GPR151
SMARCC1
FAM184A
PPP2R2B
PRRT4
IFTAP
ARHGAP9
EIF3K
AC018709.1
MTNR1A
IMPDH1
FAT1
DHX30
EXOSC6
AARS1
STK32A
ACTN4
LRRC4C
ZFP42
TRIML2
DPYSL3
MAP4
MAN1A1
TRIML1
MARS1
TBC1D32
JAKMIP2
API5
CAPN12
ASB3
LGALS7
LGALS7B
FRG1
GJA1
LGALS4
CDC25A
HSF2
FRG2
HILPDA
METTL2B
ECH1
CHAC2
SERINC1
TTC17
SPINK1
PKIB
DUX4
SCGB3A2
ERLEC1
C5orf46
CAMP
FAM71F2
SPINK5
AC008982.1
DDIT3
ZNF589
HNRNPL
FABP7
AC022506.1
SMPDL3A
FAM71F1
MBD6
NME6
GPR75
CLVS2
TRDN
HSD17B12
CALU
DCTN2
PSME4
RINL
DDX19B
SPINK8
SIRT2
NKAIN2
FBXW12
ALKBH3
RNF217
OPN1SW
SPINK14
SPINK6
CCDC136
MARCOL
SPINK13
TPD52L1
PLXNB1
SPINK7
TMEM50A
SPINK9
C11orf96
FBXO38
ACCSL
KIF5A
ACCS
FLNC
ACYP2
PIP4K2C
NFKBIB
TSPYL6
CCER2
C2orf73
DTX3
EXT2
SARS2
HDDC2
ARHGEF25
RHCE
KCP
HTR4
HEY2
AC025165.6
CCDC51
NCOA7
AC012184.2
ATP6V1F
SPTBN1
AC011455.2
ATP6V1FNB
DDX19A
MRPS12
TMA7
IRF5
FBXO17
ALX4
B4GALNT1
HINT3
TRMT11
FBXO27
ATRIP
CD82
ADRB2
SH3TC2
ACP7
ATE1
ST3GAL2
PAK4
OS9
CENPW
NSMCE4A
RSPO3
FCSK
TSPAN18
TREX1
NCCRP1
RNF146
SYCN
IFNL3
TNPO3
TACC2
SHISA5
IFNL2
ECHDC1
IFNL1
EML6
LRFN1
ABLIM3
TP53I11
GMFG
COG4
PFKFB4
SAMD4B
PRDM11
AGAP2
AC011005.1
SYT13
TSPAN33
AFAP1L1
SMO
TSPAN31
PAF1
GRPEL2
CHST1
AHCYL2
SF3B3
RTN4
PCYOX1L
CDK4
KIAA0408
IL17B
MED29
AL096711.2
ZFP36
PLEKHG2
SLC35C1
SOGA3
MARCHF9
IL34
C6orf58
CRY2
CYP27B1
MTSS2
CSNK1A1
THEMIS
STRIP2
METTL1
UCN2
VAC14
RPS16
PTPRK
COL7A1
EEF1AKMT3
SMKR1
MAPK8IP1
AC025165.3
SUPT5H
NRF1
TSFM
MACO1
ARHGEF37
HYDIN
C11orf94
PPARGC1B
LDLRAP1
PEX16
AVIL
MAN1C1
UBE2H
LARGE2
CTDSP2
PDE6A
SELENON
UQCRC1
ZC3HC1
PHF21A
ATP23
AL020996.2
SLC26A2
TIGD6
HMGXB3
TMEM89
TIMM50
MTFR1L
KLHDC10
CLHC1
CSF1R
LRIG3
SLC26A6
TMEM209
CMTR2
CALB2
DLL3
CREB3L1
RPS27A
SELENOV
PDGFRB
SSMEM1
EID2B
SLC16A7
CPA2
EID2
TLE7
AUNIP
LGALS13
ZNF23
PAQR7
CPA4
LGALS16
DGKZ
STMN1
MTIF2
CDX1
AC010547.4
LGALS14
SLC6A7
ZNF19
CLC
TAFA2
LEUTX
CPA5
BTBD16
CAMK2A
DYRK1B
PAFAH2
LAMA2
USP15
PLEKHA1
CELSR3
CHST4
TAT
EXTL1
ARMS2
SLC30A2
HTRA1
MARVELD3
PHLPP2
FBL
TRIM63
CPA1
NCKIPSD
PDIK1L
FAM110D
C1orf232
AL391650.1
ZNF593
CEP41
MON2
FCGBP
DMBT1
PSMC4
ARHGAP18
IP6K2
CNKSR1
AP1G1
ARSI
TMEM244
ZNF546
L3MBTL3
TCOF1
ZNF780B
PRKAR2A
ZNF780A
MDK
MEST
MAP3K10
SLC25A20
CATSPER4
TTC9B
CCNP
SAMD3
CHRM4
AKT2
AMBRA1
CEP85
ARIH2
ATXN1L
IST1
SH3BGRL3
TMEM200A
SMLR1
UBXN11
HARBI1
CCDC88A
CD74
EPB41L2
ATG13
RPS14
CD52
NDST1
P4HTM
CRYBG2
SYNPO
ZNF683
MYOZ3
WDR6
LIN28A
RBM22
PPM1H
C19orf47
DCTN4
ZNF821
DHDDS
AVPR1A
DPY19L2
COPG2
PLD3
DALRD3
SMIM3
IRGM
ZNF300
ARHGAP1
RXYLT1
GPX3
TSGA13
SRGAP1
ZNF408
PKD1L3
NDUFAF3
AL603764.2
F2
C10orf120
KLF14
TNIP1
DHODH
CUZD1
HIPK4
HMGN2
IMPDH2
C12orf66
PRX
TXNL4B
CKAP5
AC073585.1
FAM24B
C12orf56
MKLN1
FAM24A
C10orf88
HP
SERTAD1
SERTAD3
PSTK
BLVRB
XPOT
SPTBN4
RPS6KA1
IKZF5
ACADSB
QRICH1
HMX3
HMX2
PODXL
BUB3
TBK1
PLXNA4
LRP4
CHCHD3
GPR26
CPXM2
AKAP7
EXOC4
HPR
QARS1
ARID1A
C11orf49
CHST15
SHKBP1
DHX38
ARG1
OAT
NKX1-2
LRGUK
LHPP
AC068896.1
SLC35B4
FAM53B
RASSF3
MED23
PMFBP1
EEF1AKMT2
GNS
ABRAXAS2
AKR1B1
ZRANB1
LTBP4
CTBP2
ARFGAP2
PIGV
AKR1B10
ZFHX3
TBC1D30
ENPP3
AKR1B15
ZDHHC18
TEX36
AC078815.1
BPGM
SFN
GPN2
WIF1
CALD1
GPATCH3
EDRF1
LEMD3
OR2A4
CTAGE9
ANXA6
NUDC
ENPP1
PSMD7
PACSIN3
NUMBL
MSRB3
NR0B2
KDF1
TRNP1
TENT5B
NPIPB15
SLC9A1
CLEC18B
DDB2
CCN2
COQ8B
GLG1
MMP21
CCDC69
MOXD1
WDTC1
UROS
HMGA2
GM2A
ITPKC
STX7
SLC36A3
C19orf54
ACP2
TAAR9
TAAR8
SLC36A2
TAAR6
TMEM222
TAAR5
SNRPA
TAAR2
TAAR1
VNN1
LLPH
VNN3
AC078927.1
AGBL3
MIA-RAB4B
SLC36A1
TMBIM4
MIA
RFWD3
RAB4B
CYREN
SYTL1
MLKL
RAB4B-EGLN2
TMEM140
EGLN2
FA2H
WDR91
FAT2
WDR59
VNN2
AC008537.1
SPARC
USP19
MAP3K6
CYP2A6
NR1H3
STRA8
IRAK3
CYP2A7
ZNRF1
BCCIP
CNOT4
HELB
ATOX1
LDHD
GRIP1
DHX32
CFAP36
G3BP1
ZFP1
FCN3
NUP205
CYP2B6
FANK1
CTRB2
CD164L2
GPR3
LAMB2
CTRB1
WASF2
SLC18B1
CYP2A13
RPS12
ADAM12
CYP2F1
BCAR1
PPP4R3B
AHDC1
STMP1
CYP2S1
CCDC71
KLHDC8B
SLC13A4
AXL
EYA4
C3orf84
IHO1
FAM180A
GLRA1
FGR
MTPN
C3orf62
CFDP1
PNPT1
USP4
C10orf90
NMUR2
AC009163.5
CHRM2
TMEM170A
IFI6
HNRNPUL1
CAND1
GRIA1
MADD
CHST6
DOCK1
PTN
AC009163.3
CHST5
TMEM231
DGKI
FAM76A
DYRK2
GABARAPL2
ADAT1
TCF21
TBPL1
IFNG
GPX1
CREB3L2
AL035699.1
EFEMP1
SLC2A12
INSYN2A
SGK1
IL26
KARS1
NPS
RHOA
IL22
FOXI2
CLRN3
STX12
PTPRE
TCTA
AKR1D1
MDM1
AC104452.1
PPP1R8
TGFB1
CCDC97
FAM114A2
AC011462.1
TMEM91
TRIM24
CCDC85A
TERF2IP
THEMIS2
AC025287.4
DUXB
CPHXL
AMT
B9D2
CNTNAP4
MKI67
EXOSC5
SVOPL
RPA2
RAP1B
BCKDHA
VRK2
MGMT
MFAP3
ATP6V0A4
EBF3
B3GNT8
GALNT10
SMPDL3B
DMAC2
AC106741.1
C10orf143
GLRX3
MON1B
XKR8
SAP30L
HAND1
TMEM213
TCERG1L
ERICH4
KIAA1549
SYCE1L
EYA3
LARP1
ADAMTS18
ALDH8A1
PPP2R2D
CEACAM21
ZC3HAV1L
NUDT7
ZC3HAV1
BNIP3
HBS1L
VAT1L
CEACAM4
FAXDC2
FANCL
CLEC3A
JAKMIP3
CEACAM7
TTC26
CEACAM5
WWOX
PTAFR
DNAJC8
NICN1
AC243967.1
CEACAM6
CNOT8
ATP5IF1
CEACAM3
SESN2
DAG1
MED18
LYPD4
DMRTC2
PHACTR4
BSN
MYBPC3
RPS19
MAF
UBN2
APEH
CD79A
DPYSL4
FMC1
LUC7L2
ARHGEF1
RCC1
STK32C
GEMIN5
FMC1-LUC7L2
SPI1
DYNLRB2
KLRG2
LRRC27
CLEC2L
MYB
HIPK2
BCL11A
MRPL22
SLC39A13
MST1
CDYL2
PWWP2B
TBXAS1
KIF4B
INPP5A
SGCD
ERFL
RABAC1
PPP1R2B
TIMD4
AC010616.1
PSMC3
TRNAU1AP
NUP107
ATP1A3
AC009070.1
NKX6-2
HAVCR1
RNF123
CMC2
CFAP46
PAPOLG
HAVCR2
ADGRA1
MED7
TAF12
ITK
CENPN
KNDC1
RAB42
SLC35E3
PARP12
GMEB1
FAM71B
REL
UTF1
VENTX
CYFIP2
MDM2
ADAM8
YTHDF2
GRIK5
AC092718.8
KDM7A
RAPSN
ATMIN
AMIGO3
OPRD1
PUS10
C16orf46
GMPPB
AC092718.3
SLC37A3
GCSH
ZNF574
CELF1
TUBGCP2
POU2F2
PEX13
IP6K1
KIAA1841
CDHR4
ZNF511
ZNF511-PRAP1
CALY
INKA1
UBA7
PRAP1
FUOM
RAB19
NDUFS3
ECHS1
TRAIP
MKRN1
BCO1
C2orf74
PAOX
GAN
CMIP
EPB41
PTPMT1
DENND2A
AC008676.3
FNDC9
KBTBD4
AL360181.3
MTG1
ADAM19
CAMKV
FAM180B
C1QTNF4
SPRN
MTCH2
SCART1
PLCG2
ADCK2
CYP2E1
USP34
NDUFB2
NIPAL4
AGBL2
SOX30
SYCE1
C5orf52
THG1L
DEDD2
BRAF
MST1R
LSM11
FRG2B
CLINT1
AC006486.3
ZNF526
GSK3A
FNBP4
SDR42E1
HSD17B2
MPHOSPH6
EBF1
NUP160
MON1A
AC006486.1
ERF
CDH13
XPO1
CPM
CIC
RNF145
RBM6
MRPS33
CPSF6
TMEM178B
PTPRJ
HSBP1
UBLCP1
PAFAH1B3
AGK
MLYCD
PRR19
OSGIN1
TMEM145
IL12B
LYZ
OR4B1
OR4X2
OR4X1
ADRA1B
YEATS4
OR4S1
NECAB2
TTC1
OR4C3
MEGF8
FAM161A
OR4C5
SLC38A8
OR4A47
PWWP2A
FRS2
FABP6
MBTPS1
CCT4
TRIM51GP
CCNJL
TRIM49B
TRIM64C
DENND11
C1QTNF2
ZBED8
HSDL1
SLU7
CNFN
COMMD1
LIPE
DNAAF1
FOLH1
WEE2
PTTG1
B3GNT2
CXCL17
SSBP1
TMEM17
TAF1C
CEACAM1
RBM5
CCT2
TMEM200B
SRSF4
ATP10B
MECR
TAS2R3
TAS2R4
TAS2R5
PRSS37
GABRB2
EHBP1
MGAM
CEACAM8
SEMA3F
ADAD2
PSG3
GABRA6
PTPRU
LRRC10
PSG8
BEST3
KCNG4
WFDC1
GABRA1
OTX1
OR9A4
ATP2C2
CLEC5A
PSG1
TAS2R38
OR4C13
MGAM2
OR4C12
WDPCP
PSG6
PRSS58
RAB3IP
OR4C46
GNAT1
OR4A5
TRIM48
MEAK7
PSG7
OR4A16
OR4A15
COTL1
SLC38A3
KLHL36
OR4C15
PSG11
MATN1
OR4C16
OR4C11
OR4P4
OR4S2
OR4C6
OR5D3P
LAPTM5
USP10
PSG2
OR5D13
OR5D14
OR5L1
OR5D18
PSG5
OR5L2
OR5D16
MDH1
MTRNR2L6
TRIM51
SDC3
PRSS1
OR5W2
OR5I1
GNAI2
CRISPLD2
OR10AG1
OR5F1
PSG4
PRSS2
OR5AS1
GABRG2
OR8I2
OR8H2
OR8H3
OR8J3
OR8K5
OR5J2
ZDHHC7
OR5T2
OR5T3
OR5T1
EPHB6
OR8H1
AC025263.2
MYRFL
PUM1
OR8K3
OR8K1
PSG9
KIAA0513
OR8J1
OR8U1
OR5R1
AP002512.3
OR5M9
UGP2
OR5M3
OR5M8
OR5M11
CNOT2
OR5M10
CIBAR2
TRPV6
OR5M1
CD177
OR5AP2
OR5AR1
GSE1
OR9G1
OR9G4
TEX101
TRPV5
OR5AK2
LYPD3
LRRC55
APLNR
TNKS1BP1
PHLDB3
SEMA3B
LLCFC1
KEL
SSRP1
ETHE1
P2RX3
GINS2
OR9A2
OR6V1
PIP
C16orf74
TAS2R39
ZNF575
TAS2R40
PRG3
GSTK1
CCNG1
XRCC1
EMC8
PRG2
AP000781.2
COX4I1
NUDCD2
HMMR
SLC43A3
NKAIN1
L34079.1
SNRNP40
IRF8
TMEM139
PINLYP
KCNMB4
CASP2
IRGQ
VPS54
LSMEM2
ZNF576
ZCCHC17
PTPRB
IFRD2
MAT2B
SRRM5
CLCN1
ZNF428
CADM4
PELI1
PLAUR
FAM131B
FOXF1
RTN4RL2
MTHFSD
SLC43A1
HYAL3
TENM2
LGALSL
ZYX
FABP3
IRGC
NAA80
SMG9
WWC1
AFTPH
TIMM10
SERINC2
SMTNL1
HYAL1
FOXC2
FOXL1
EPHA1
UBE2L6
KCNN4
C16orf95
SERPING1
TAS2R60
TAS2R41
SERTAD2
RARS1
CTAGE15
AC010531.1
HYAL2
FBXO31
TCAF2
SLC1A4
LYPD5
TCAF2C
TUSC2
CTAGE6
TINAGL1
MAP1LC3B
FBLL1
PANK3
TCAF1
RASSF1
ZNF283
ZCCHC14
CEP68
SLIT3
HCRTR1
OR2F2
YPEL4
OR2F1
PEF1
OR6B1
OR2A5
RAB1A
OR2A25
JPH3
OR2A12
OR2A2
CLP1
OR2A14
ZNF404
CTAGE4
ARHGEF35
ZDHHC5
KLHDC4
ZNF45
OR2A42
ACTR2
OR2A7
CTAGE8
ZNF221
MED19
COL16A1
ZNF155
OR2A1
AP001931.2
ARHGEF5
SPRED2
SPDL1
TMX2
ZMYND10
ZNF230
SELENOH
AP001931.1
BTBD18
NOBOX
ZNF222
DOCK2
AC067968.1
TPK1
ZNF223
SLC7A5
ZNF284
ZNF224
PTPRR
NPRL2
MEIS1
CA5A
ZNF225
ZNF234
CNTNAP2
BANP
ZNF226
ADGRB2
INSYN2B
FOXI1
C5orf58
LCP2
C7orf33
CUL1
CYB561D2
CTNND1
KCNIP1
ETAA1
TSPAN8
Z84492.2
TMEM115
ZNF469
ZFPM1
LGR5
KCNMB1
ZNF227
ZC3H18
C1D
CACNA2D2
GABRP
ZNF235
IL17C
SPOCD1
WDR92
CYBA
ZNF233
AC017083.3
MVD
RANBP17
ZFC3H1
PNO1
EZH2
ZNF112
PPP3R1
AC245748.1
CNRIP1
ZNF285
THAP2
SNAI3
AC073612.1
PLEK
TMEM19
PTP4A2
RNF166
ZNF229
RAB21
FBXO48
APLF
ZNF180
CTU2
KHDRBS1
PROKR1
TBC1D15
ARHGAP25
TMEM39B
PDIA4
CEACAM20
TLX3
ZNF786
ZNF425
NPM1
KPNA6
PIEZO1
ZNF398
ZNF282
BMP10
IGSF23
TXLNA
GKN2
ZNF212
ZNF783
GKN1
PVR
TPH2
CCDC28B
CDT1
TRHDE
ZNF777
IQCC
ZNF746
DCDC2B
CEACAM19
ANTXR1
APRT
TMEM234
CEACAM16
KRBA1
BCL3
GALNS
CBLC
BCAM
TRAPPC2L
ZNF467
EIF3I
ATXN7L3B
C3orf18
PABPN1L
KCNC2
ZNF862
NECTIN2
GFPT1
CBFA2T3
ATP6V0E2
HEMK1
CAPS2
TOMM40
FGF18
ACSF3
CISH
AC093246.1
SMIM23
ACTR3C
MAPKAPK3
FBXW11
ZBED6CL
LRRC61
FAM167B
NFU1
RARRES2
APOE
APOC1
LCK
REPIN1
STK10
CDH15
DOCK3
GLIPR1L1
SLC22A31
ZNF775
APOC4
ZNF778
APOC4-APOC2
GLIPR1L2
EFCAB9
AC073111.3
UBTD2
APOC2
AAK1
SH3PXD2B
GIMAP8
CLPTM1
GLIPR1
GIMAP7
GIMAP4
ANKRD11
GIMAP6
KRR1
NEURL1B
MANF
GIMAP2
GIMAP1
GIMAP1-GIMAP5
DUSP1
GIMAP5
RBM15B
ERGIC1
TMEM176B
DCAF1
ANXA4
HDAC1
PHLDA1
TMEM176A
RPL26L1
RAD54L2
NAP1L1
MARCKSL1
ATP6V0E1
TSSK3
FAM229A
RELB
CREBRF
AOC1
GMCL1
BSDC1
BNIP1
CLASRP
KCNH2
TEX264
SNRNP27
NKX2-5
MXD1
STC2
NOS3
GRM2
AL033529.1
BOD1
ZBTB8B
ASPRV1
ZBTB8A
SPG7
IQCF6
AC097636.1
ZBTB8OS
CPEB4
IQCF1
ZNF296
IQCF3
GEMIN7
MARK4
IQCF2
IQCF5
RRP9
RBBP4
PARP3
ATG9B
C5orf47
NSG2
PPP1R37
GPR62
ABCB8
NKPD1
TRAPPC6A
PCBP4
MSX2
BLOC1S3
DRD1
SFXN1
EXOC3L2
CKM
AHI1
KLC3
HRH2
SYNC
CPLX2
KIAA1522
THOC3
YARS1
ERCC2
ASIC3
S100PBP
FAM153B
BBS10
OSBPL8
FNDC5
HPCA
CDK5
TMEM54
AC139491.7
ABHD14B
RNF19B
SLC4A2
SIMC1
PPP1R13L
ABHD14A
AK2
ABHD14A-ACY1
KIAA1191
POLR1G
ERCC1
PDE7B
RPL13
ARL10
NOP16
CPNE7
MTFR2
AZIN2
BCLAF1
HIGD2A
ZDHHC17
DPEP1
CLTB
ACY1
TRIM62
FAF2
FOSB
ZNF362
CHMP1A
RNF44
A3GALT2
CSRP2
AC010973.3
FASTK
CDHR2
PHC2
SPATA33
E2F7
RTN2
CDK10
TMUB1
NAV3
GPRIN1
ZSCAN20
SNCB
AGAP3
PCBP1
EIF4E1B
CSMD2
C2orf42
TSPAN17
PPM1N
SPATA2L
VPS9D1
VASP
ZNF276
UNC5A
MAP7
TIA1
OPA3
GPR4
HK3
EML2
FANCA
UIMC1
GBX1
SYT1
HMGB4
ASB10
RPL29
IQCA1L
H2BE1
ABCF2-H2BE1
C1orf94
ZNF346
SMIM12
ABCF2
DUSP7
GJB5
GJB4
POC1A
PCYOX1
GJB3
GJA4
PAWR
FGFR4
MAP3K5
DLGAP3
AC114490.3
CHPF2
AC114490.2
PPP1R12A
ALAS1
SNRPG
TMEM35B
PEX7
ZMYM6
SMARCD3
FAM136A
SLC35D3
IL20RA
TLR9
ZMYM1
AC097637.1
TGFA
GIPR
TWF2
IL22RA2
PPM1M
NUB1
SPIRE2
IFNGR1
WDR82
OLIG3
SFPQ
ADD2
TCF25
SNRPD2
GLYCTK
NSD1
QPCTL
TNFAIP3
FBXO46
BHMG1
DNAH1
SIX5
OTOGL
WDR86
DMPK
ZMYM4
CRYGN
PTPRQ
RAB24
RHEB
MC1R
AC092143.1
TUBB3
BAP1
MYF6
MYF5
PRKAG2
PERP
ARFGEF3
MXD3
LIN7A
PHF7
DEF8
PRELID1
ACSS3
FIGLA
PBOV1
SMIM28
KIAA0319L
HEBP2
CLEC4F
NHSL1
CD207
LMAN2
VAX2
PPFIA2
CCDC28A
ATP6V1B1
SEMA3G
AC011530.1
ECT2L
TNNC1
DMWD
RGS14
RSPH6A
NISCH
GALNTL5
AC007040.2
SLC34A1
REPS1
SYMPK
NCDN
ANKRD53
PFN3
F12
TEX261
STAB1
GALNT11
TFAP2E
GRK6
PSMB2
CENPBD1
C1orf216
NAGK
KMT2C
CLSPN
NT5DC2
DBNDD1
FOXA3
IRF2BP1
MYPOP
NANOS2
NOVA2
CCDC61
GAS8
MCEE
PRR7
XRCC2
DBN1
MPHOSPH10
ACTR3B
PGLYRP1
IGFL4
IGFL2
SMIM4
PAIP2B
IGFL3
PRDM7
PBRM1
IGFL1
ZNF638
HIF3A
PDLIM7
ABRACL
HECA
AGO4
DPP6
TXLNB
AGO1
CITED2
PPP5C
AGO3
NMBR
GJE1
VTA1
DOK3
ADGRG6
TEKT2
DDX41
ADPRS
COL8A2
CCDC8
PNMA8C
PNMA8A
TRAPPC3
PAXIP1
PNMA8B
CALM3
MAP7D1
CCDC59
METTL25
PTGIR
HTR5A
FAM193B
GNG8
DACT3
HIVEP2
INSIG1
TMTC2
PRKD2
OR9Q1
OR6Q1
TMED9
THRAP3
OR9I1
EN2
AIG1
OR9Q2
CNPY1
OR1S2
OR1S1
B4GALT7
OR10Q1
SLC6A15
OR10W1
GNL3
OR5B17
OR5B3
OR5B2
SH3D21
OR5B12
ADAT2
RBM33
OR5B21
FAM153A
PEX3
LPXN
EVA1B
TSPAN19
GLT8D1
ZFP91
STK40
FUCA2
LRRIQ1
SHH
ZFP91-CNTF
PHACTR2
CNTF
ALX1
STRN4
GLYAT
RASSF9
NTS
LSM10
MGAT4C
GLYATL2
RNF32
OSCP1
SPCS1
GLYATL1
MRPS15
NEK4
DYSF
C12orf50
AL049844.1
LTV1
C12orf29
AL049844.3
CSF3R
ZC2HC1B
PROP1
ITIH1
GLYATL1B
FAM111B
LMBR1
PLAGL1
CEP290
FAM111A
GRIK3
FKRP
DTX4
ZC3H12A
ITIH3
SF3B5
MPEG1
STX11
MEAF6
OR5AN1
UTRN
OR5A2
OR5A1
OR4D6
OR4D10
OR4D11
NOM1
OR4D9
OSBP
SNIP1
MNX1
TMTC3
DNALI1
PATL1
SLC1A5
EPM2A
UBE3C
GNL2
ITIH4
OR10V1
STX3
KITLG
RSPO1
DNAJB6
FBXO30
AP2S1
C1orf109
DUSP6
SHPRH
CDCA8
ARHGAP35
POC1B
MRPL16
NPAS1
EPHA10
CBLIF
AC006254.1
MUSTN1
TCN1
STIMATE-MUSTN1
TMEM160
MANEAL
OOSP3
POC1B-GALNT4
OOSP1
ZC3H4
STIMATE
GALNT4
OOSP4A
YRDC
OOSP4B
ATP2B1
OOSP2
C1orf122
SFMBT1
MTF1
SAE1
MS4A3
N4BP3
INPP5B
RMND5B
PTPRN2
AC096887.1
GRM1
RFT1
MS4A2
BBC3
SF3A3
CCDC9
NHP2
MS4A6A
NCAPG2
PRKCD
GMCL2
FHL3
HNRNPAB
INAFM1
C5AR1
C5AR2
UTP11
DHX34
POU3F1
CCER1
RAB32
EPYC
ADGB
KERA
LUM
PHYKPL
RRAGC
MEIS3
MS4A4A
DCN
MYCBP
AL139260.3
GJA9
RHBDL2
AKIRIN1
MS4A4E
NDUFS5
COL23A1
MS4A6E
MS4A7
CLK4
STXBP5
SLC8A2
TKT
MS4A14
BTG1
KPTN
ESYT2
SAMD5
NAPA
PLEKHG7
MS4A5
SASH1
DYNC2I1
EEA1
MS4A1
UST
AC113348.1
AC113348.2
ZNF354A
TAB2
MS4A12
DCP1A
MACF1
VIPR2
ZNF541
MS4A13
SUMO4
ZNF354B
ZC3H12D
PPIL4
ZFP2
ZNF454
BICRA
GINM1
MS4A8
GRM6
NUDT4
CACNA1D
KATNA1
EHD2
ZNF879
ZNF354C
NOP53
MS4A18
ADAMTS2
MS4A15
LATS1
UBE2N
MS4A10
CCDC86
MRPL42
RUFY1
PTGDR2
NUP43
SELENOW
ZP1
PRPF19
TPRX1
CRX
PCMT1
SULT2A1
SOCS2
BSPH1
ELSPBP1
TMEM109
HNRNPH1
TMEM132A
CRADD
RAET1E
CABP5
PLA2G4C
AL355312.5
LRP11
SLC15A3
RAET1G
PLXNC1
ULBP2
ULBP1
CD6
RAET1L
ULBP3
PPP1R14C
LIG1
IYD
CEP83
PLEKHG1
MTHFD1L
CD5
TMCC3
VPS37C
CYP26B1
NDUFA12
ZSWIM9
PGA3
NR2C1
AKAP12
EXOC6B
CARD8
ZBTB2
RMND1
PGA4
CBY3
CANX
BMP8A
ARMT1
SPR
CCDC170
PGA5
EMX1
CHDH
PABPC4
ESR1
FGD6
IL17RB
SFXN5
ACTR8
VWCE
HEYL
NT5C1A
HPCAL4
SELENOK
VEZT
CACNA2D3
PPIE
MAML1
SYNE1
DDB1
LTC4S
MGAT4B
RAB11FIP5
NOTO
BMP8B
SMYD5
OXCT2
ZNF114
PRADC1
CCDC114
TRIT1
LRTM1
CCT7
SQSTM1
WNT5A
EMP3
ERC2
TMEM143
METAP2
SYNGR4
MRNIP
KDELR1
GRIN2D
TKFC
CCDC66
GRWD1
FBXO41
KCNJ14
AC008403.1
USP44
CYTH2
EGR4
NTN4
MYCL
CYB561A3
LMTK3
ALMS1
TASOR
TBC1D9B
MFSD2A
SULT2B1
FAM83E
SPACA4
RPL18
SNRPF
CCDC38
ARHGEF3
TMEM138
NAT8
AMDHD1
RNF130
TPRKB
HAL
TMEM216
SPHK2
CAP1
DUSP11
CPSF7
RASGEF1C
DBP
C2orf78
CA11
LTA4H
MAPK9
NTN5
STAMBP
FUT2
MAMSTR
RASIP1
SPATA12
IL17RD
IZUMO1
ELK3
FUT1
PPT1
FGF21
CDK17
BCAT2
ACTG2
AP003108.2
HESX1
CFAP54
GFPT2
APPL1
SDHAF2
RLF
DGUOK
TMCO2
PPP1R32
ZMPSTE24
NEDD1
CNOT6
SCGB3A1
TET3
HSD17B14
ASB14
COL9A2
FLT4
LRRC10B
DNAH12
PLEKHA4
SYT7
BOLA3
MOB1A
PDE12
SMAP2
PPP1R15A
ARF4
TULP2
MTHFD2
ZFP69B
NUCB1
DENND6A
DAGLA
ZFP69
EXO5
OR2Y1
MGAT1
ZNF684
SLMAP
TMPO
MYRF
AC006030.1
RIMS3
DHDH
BAX
ZFP62
SLC25A3
BTNL8
SLC4A5
FTL
TMEM258
NFYC
GYS1
FEN1
FADS2
BTNL3
BTNL9
RUVBL2
IKBIP
OR2V1
OR2V2
APAF1
TRIM7
LHB
AC008687.4
CGB3
MYCT1
AC008687.1
TRIM41
VIP
FADS1
CGB2
CGB1
CGB5
CGB8
FLNB
FBXO5
CGB7
AC008687.8
MTRF1L
NTF4
RACK1
KCNA7
RGS17
SNRNP70
OPRM1
LIN7B
C19orf73
PPFIA3
KCNQ4
FADS3
DCTN1
CITED4
CTPS1
HRC
TRIM52
RAB3IL1
TRPM4
OR4F3
BEST1
SLFNL1
FTH1
IPCEF1
SCMH1
INCENP
SLC6A16
CD37
FOXO6
ANKS1B
SCGB1D1
DNASE1L3
EDN2
SCGB2A1
SCGB1D2
HIVEP3
SCGB2A2
AL357075.4
CNKSR3
SCGB1D4
AC119676.1
ABHD6
GUCA2B
GUCA2A
ASRGL1
HTD2
TEAD2
FOXJ3
RPP14
SCGB1A1
SCAF8
AHNAK
PXK
EEF1G
RIMKLA
ZMYND12
PPCS
AP002990.1
TIAM2
TUT1
DKKL1
MTA2
KASH5
CCDC30
PTH2
EML3
GFY
SLC17A7
AC005041.1
C2orf81
WDR54
PIH1D1
FAM71C
RTKN
UHRF1BP1L
ALDH16A1
TFB1M
PPIH
CLDN20
NOX3
INO80B
AC010619.1
ARID1B
FLT3LG
ROM1
B3GAT3
INO80B-WBP1
ACTR6
WBP1
GANAB
PDHB
YBX1
MOGS
DEPDC4
RPL13A
CLDN19
SCYL2
KCTD6
MRPL53
CCDC142
ACOX2
P3H1
SLC17A8
RPS11
TTC31
NR1H4
FCGRT
C1orf50
FAM107A
AC098484.3
TMEM242
TMEM269
SVBP
ZDHHC14
LBX2
ERMAP
PCGF1
RCN3
FAM3D
SNX9
NOSIP
TLX2
SYNJ2
ZNF691
DQX1
CFAP20DC
SLC2A1
INTS5
AUP1
AP001458.2
LBHD1
GAS2L3
PRRG2
C11orf98
FAM183A
CSKMT
PRR12
ANO4
UQCC3
EBNA1BP2
HTRA2
SERAC1
UBXN1
RRAS
FHIT
CFAP57
SCAF1
PTPRG
IRF3
LOXL3
TMEM125
GTF2H5
SLC5A8
C1orf210
TULP4
TIE1
UTP20
LRRN4CL
HNRNPUL2-BSCL2
C3orf14
TMEM181
FEZF2
BSCL2
MPL
DYNLT1
ARL1
SYTL3
CADPS
EZR
CDC20
SPIC
RSPH3
MYBPC1
DOK1
TAGAP
ELOVL1
GNG3
M1AP
HNRNPUL2
FNDC1
TTC9C
ZBTB3
POLR2G
MED8
SEMA4F
SOD2
TAF6L
SZT2
SYNPR
TMEM223
HK2
BCL2L12
TMEM179B
WTAP
SNTN
NXF1
C3orf49
THOC7
ACAT2
TCP1
POLE4
ATXN7
TACR1
HYI
EVA1A
STX5
PRMT1
PSMD6
MRPL19
MRPL18
PNLDC1
PRICKLE2
TEX54
PTPRF
GCFC2
MAS1
WDR74
IGF2R
ADAMTS9
SLC22A1
ADM5
CPT1C
SLC22A2
SLC22A3
LPA
PLG
LRRTM4
AL451062.2
MAP3K4
KDM4A
REG3G
MAGI1
REG1B
TSKS
REG1A
AP2A1
REG3A
FUZ
CTNNA2
SLC3A2
SLC25A26
MED25
AGPAT4
LRIG1
PRKN
LRRTM1
PACRG
CHRM1
SLC22A6
KBTBD8
PTOV1
SUCLG2
SUCLG1
TAFA1
QKI
SLC22A8
TAFA4
EOGT
DNAH6
SLC22A24
PNKP
SLC22A10
ST3GAL3
SLC22A25
TMF1
TRABD2A
SLC22A9
TMSB10
PLAAT5
UBA3
KCMF1
C6orf118
LGALS12
TCF7L1
PDE10A
PLAAT4
TGOLN2
ARL6IP5
PLAAT2
PLAAT3
LMOD3
AKT1S1
TBXT
ATL3
FRMD4B
CHPT1
RTN3
RETSAT
PRR18
TBC1D17
SFT2D1
SYCP3
MPC1
MITF
RPS6KA2
GNPTAB
C11orf95
SPINDOC
IL4I1
DRAM1
ELMOD3
MARK2
WASHC3
NUP62
NUP37
PARPBP
RAMACL
AC011452.1
AL159163.1
ATF5
RNASET2
SIGLEC11
PMCH
IGF1
VRK3
PAH
MDFIC2
CEP43
FOXP1
CCR6
ASCL1
TCP10L2
GPR31
C12orf42
UNC93A
TTLL2
STAB2
AFDN
ZNF473
NT5DC3
HSP90B1
IZUMO2
MYH14
CAPG
C12orf73
TDG
RCOR2
GLT8D2
NAA40
HCFC2
KIF25
NFYB
COX8A
AP000721.1
OTUB1
FRMD1
TXNRD1
SH2D6
MACROD1
KCNC3
FLRT1
NR1H2
STIP1
DACT2
MAT2A
SMOC2
GGCX
AC097634.4
EID3
THBS2
CHST11
EIF4E3
SLC41A2
FERMT3
C12orf45
GPR27
PROK2
ALDH1L2
AL031315.1
VAMP8
WDR27
TRPT1
NAPSA
VAMP5
WASHC4
RNF181
RYBP
POLD1
TMEM150A
SHQ1
NUDT22
C6orf120
PHF10
GXYLT2
PPP4R2
DNAJC4
TCTE3
EBLN2
APPL2
USP39
ERMARD
PDZRN3
VEGFB
FKBP2
CNTN3
AP001453.3
PPP1R14B
C12orf75
PLCB3
C2orf68
NUAK1
AC020909.1
SPIB
DLL1
CKAP4
FAM120B
SFTPB
TCP11L2
MYBPC2
FRG2C
FAM71E1
PSMB1
ZNF717
GNLY
POLR3B
TBP
BAD
EMC10
ROBO2
GPR137
ATOH8
JOSD2
PDCD2
ASPDH
RFX4
LRRC4B
KCNK4
SYT3
C19orf81
CATSPERZ
SHANK1
ROBO1
ST3GAL5
ESRRA
RIC8B
CLEC11A
TRMT112
GPR32
AC010325.1
ACP4
PRDX5
TMEM263
CCDC88B
KLK1
MTERF2
KLK15
CRY1
GBE1
KLK3
RPS6KA4
BTBD11
CADM2
KLK2
SLC22A11
PWP1
SLC22A12
PRDM4
KLK4
VGLL3
CHMP2B
ASCL4
KLK5
POU1F1
WSCD2
POLR1A
NRXN2
HTR1F
KLK6
CGGBP1
CMKLR1
AC119733.1
ZNF654
C3orf38
CSNKA2IP
FICD
KLK7
EPHA3
SART3
KLK8
PTCD3
RASGRP2
PROS1
AC011473.4
KLK9
KLK10
KLK11
ISCU
IMMT
KLK12
TMEM119
ARL13B
SELPLG
CORO1C
KLK13
STX19
DHFR2
NSUN3
KLK14
CTU1
SIGLEC9
SSH1
PYGM
SIGLEC7
MTRNR2L12
MRPL35
SF1
EPHA6
DAO
REEP1
CD33
SIGLECL1
ARL6
ARTN
IGLON5
SVOP
VSIG10L
CRYBG3
KDM3A
ETFB
IPO13
USP30
RIOX2
AC008750.7
CLDND2
NKG7
DPH2
LIM2
C19orf84
GABRR3
MAP4K2
SIGLEC10
ALKBH2
OR5AC2
OR5H1
OR5H14
OR5H15
UNG
OR5H6
ATP6V0B
OR5H2
OR5K4
OR5K3
OR5K1
OR5K2
CLDND1
ACACB
B4GALT2
CHMP3
CCDC24
RNF103-CHMP3
RNF103
MEN1
SIGLEC8
SLC6A9
RMND5A
CEACAM18
SIGLEC12
CD8A
SIGLEC6
CD8B
FOXN4
MYO1H
ZNF175
SIGLEC5
KCTD10
AC018755.2
CDC42BPG
AC021660.3
GPR15
KLF17
CPOX
KLF18
RGPD1
SIGLEC14
SPACA6
EHD1
DMAP1
ST3GAL6
HAS1
PLGLB1
UBE3B
FPR1
FPR2
FPR3
ATG2A
ZNF577
ERI3
PPP2R5B
ZNF649
GPHA2
ZNF613
MAJIN
RNF220
ZNF350
DCBLD2
BATF2
PLGLB2
ARL2
ZNF615
RGPD2
ARL2-SNX15
SNX15
ZNF614
COL8A1
TMEM53
KRCC1
ZNF432
SMYD1
CMSS1
ARMH1
ZNF841
SAC3D1
FABP1
ZNF616
NAALADL1
FILIP1L
THNSL2
ZNF836
PPP2R1A
KIF2C
MMAB
TBC1D23
FOXI3
TEX37
EIF2AK3
ZNF766
MVK
CDCA5
ZNF480
NIT2
ZNF610
ZFPL1
RPS8
ZNF880
RPIA
TOMM70
BEST4
TMEM262
ZNF528
LNP1
PLK3
TMEM45A
VPS51
ADGRG7
ZNF534
FAM222A
TCTEX1D4
BTBD19
ZNF578
TRPV4
ZNF808
PTCH2
TFG
ZNF701
TM7SF2
EIF2B3
ZNF83
HECTD3
ZNF611
UROD
ZNF600
ZNF28
ZNF468
ZNF320
ZNHIT2
FAU
AL845331.1
ZNF888
ZNF816-ZNF321P
ZNF816
TEKT4
ZSWIM5
SYVN1
HPDL
ERVV-1
ERVV-2
GLTP
MAL
ZNF160
ABI3BP
TCHP
MRPS5
ZNF415
ZNF514
GIT2
ZNF2
MRPL49
ZNF347
MUTYH
SPDYC
ZNF665
AC092835.1
ZNF677
PROM2
CAPN1
VN1R2
VN1R4
ZNF845
ZNF525
ZNF765
ZNF761
ZNF813
KCNIP3
IMPG2
ZNF331
SENP7
FAHD2A
TRIM43B
TRIM43
ANKRD13A
POLA2
ANKRD36C
C12orf76
TRMT10C
PCNP
IFT81
ZBTB11
AP000944.5
CDC42EP2
RPL24
DPF2
CEP97
GPAT2
NXPE3
TIGD3
DPRX
ATP2A2
SLC25A45
NFKBIZ
ADRA2B
NLRP12
ASTL
DUSP2
AL451136.1
TOE1
STARD7
FRMD8
ZPLD1
TESK2
ANAPC7
MYADM
CCDC163
TMEM127
CIAO1
ALCAM
PRKCG
MMACHC
PRDX1
ARPC3
CACNG7
SNRNP200
AKR1A1
SCYL1
CACNG8
CBLB
GPN3
CACNG6
VSTM1
FAM216A
TARM1
VPS29
NASP
OSCAR
RAD9B
ITPRIPL1
NDUFA3
NCAPH
PPTC7
TFPT
LTBP3
TCTN1
PRPF31
NEURL3
CCDC17
ARID5A
CNOT3
CCDC54
GPBP1L1
BBX
KANSL3
TMEM69
HVCN1
IPP
PPP1CC
MAST2
ZNRD2
LENG1
TMC4
CCDC63
FAM89B
EHBP1L1
MYL2
MBOAT7
KCNK7
PIK3R3
MAP3K11
FER1L5
CUX2
P3R3URF-PIK3R3
TSPAN1
TSEN34
PHETA1
P3R3URF
SH2B3
PCNX3
POMGNT1
RPS9
ATXN2
SIPA1
LMAN2L
LURAP1
CNNM4
LILRB3
CNNM3
RELA
RAD54L
ANKRD23
LILRA6
ANKRD39
SEMA4C
LRRC41
LILRB5
UQCRH
FAM178B
NSUN4
LILRB2
FAAH
FAHD2B
DMBX1
TMEM275
KNCN
ANKRD36
MKNK1
CD47
KAT5
BRAP
IFT57
HHLA2
LILRA5
ACAD10
LILRA4
ANKRD36B
LAIR1
MYH15
MOB3C
COX5B
ATPAF1
AC002996.1
CIP2A
ALDH2
ACTR1B
RNASEH2C
C2orf92
TEX38
MAPKAPK5
DZIP3
TTYH1
AP5B1
EFCAB14
OVOL1
CFL1
TMEM116
ZAP70
RETNLB
TRAT1
GUCA1C
LENG8
TMEM131
SNX32
CYP4B1
MORC1
ERP29
MUS81
LENG9
CDC42EP5
LAIR2
C3orf85
NAA25
VWA3B
DPPA2
DPPA4
LILRA2
TRAFD1
EFEMP2
NECTIN3
CYP4A11
LILRA1
CD96
CNGA3
HECTD4
LILRB1
CYP4X1
CYP4Z1
INPP4A
ZBED2
PLCXD2
CYP4A22
CTSW
RPL6
PHLDB2
LILRB4
FIBP
PDZK1IP1
TAL1
STIL
KIR3DL3
COA5
UNC50
PTPN11
KIR2DL3
KIR2DL1
CCDC85B
ABHD10
FOSL1
MGAT4A
TAGLN3
C11orf68
KIR2DL4
DRAP1
RPH3A
TMPRSS7
CRACDL
C3orf52
TSGA10IP
GCSAM
CMPK1
SART1
TSGA10
FOXE3
FOXD2
KIR3DL1
SLC9C1
TRABD2B
EIF1AD
SLC5A9
CD200
KIR3DL2
BTLA
ATG3
AC079447.1
C2orf15
LIPT1
BANF1
OAS1
AC092587.1
FCAR
SPATA6
MITD1
SLC35A5
CST6
CATSPER1
MRPL30
CCDC80
GAL3ST3
OAS3
AGBL4
LYG2
SF3B2
BEND5
LYG1
NCR1
CD200R1L
OAS2
TXNDC9
CD200R1
ELAVL4
NLRP7
DTX1
EIF5B
GTPBP8
RASAL1
PACS1
NEPRO
REV1
NLRP2
DMRTA2
FAF1
KLC2
CFAP73
BOC
CDKN2C
DDX54
C1orf185
RNF11
GP6
AFF3
CFAP44
RITA1
RAB1B
TTC39A
IQCD
RDH13
AC112128.1
CNIH2
TPCN1
SPICE1
YIF1A
EPS8L1
SIDT1
LONRF2
TMEM151A
USF3
CD248
RIN1
NAA50
CHST10
BRMS1
ATP6V1A
PPP1R12C
NMS
PDCL3
GRAMD1C
B4GAT1
SLC8B1
EPS15
SLC29A2
TNNT1
NPAS2
PLBD2
ZDHHC23
CCDC191
SDS
NPAS4
RPL31
SDSL
MRPL11
QTRT2
LHX5
OSBPL9
TBC1D8
PELI3
RBM19
DRD3
CNOT11
RNF149
ZNF80
TIGIT
CREG2
RFX8
ZBTB20
DPP3
TBX5
TNNI3
AC010327.2
DNAAF3
GAP43
MAP4K4
TBX3
LSAMP
SYT5
MED13L
IGSF11
PTPRH
AP002748.5
TEX55
AC083800.1
UPK1B
BBS1
TMEM86B
PPP6R1
B4GALT4
MAP1LC3B2
HSPBP1
SPRING1
RNFT2
BRSK1
NRDC
HRK
FBXW8
ARHGAP31
TMEM39A
TESC
FBXO21
ZDHHC24
POGLUT1
IL1R2
TMEM150B
ACTN3
TIMMDC1
KMT5C
CD80
ADPRH
COX6B2
IL1R1
NOS1
CTSF
PLA1A
AC020922.1
FAM71E2
IL11
POPDC2
TMEM190
TMEM238
RPL28
COX17
RAB3B
CFAP91
TXNDC12
UBE2S
AL445685.3
KTI12
KSR2
SHISA7
BTF3L4
ISOC2
IL1RL2
RFC5
AC069444.2
C19orf85
NR1I2
IL1RL1
ZNF628
ZFYVE9
NAT14
SSC5D
WSB2
SBK2
SBK3
ZNF579
IL18R1
FIZ1
CCDC87
CCS
ZNF524
CC2D1B
GSK3B
ZNF865
ZNF784
IL18RAP
ZNF580
VSIG10
ZNF581
CCDC106
RBM14-RBM4
PEBP1
SLC9A4
RBM14
TAOK3
ORC1
SLC9A2
U2AF2
RBM4
MFSD9
PRPF38A
EPN1
TUT4
TMEM182
RBM4B
NLRP9
SPTBN2
SUDS3
GPR156
RFPL4A
RFPL4AL1
LRRC58
NLRP11
FSTL1
SRRM4
GPX7
HSPB8
SHISAL2A
NDUFB4
COA7
NLRP4
ZYG11B
HGD
C11orf80
CCDC60
ZYG11A
NLRP13
TMEM233
PRKAB1
NLRP8
RABL3
ECHDC2
NLRP5
POU3F3
ZNF787
CIT
GTF2E1
MRPS9
ZNF444
RCE1
GPR45
STXBP5L
TGFBRAP1
GALP
ZSCAN5B
SCP2
ZSCAN5C
C2orf49
ZSCAN5A
PC
EDDM13
FHL2
POLQ
PODN
ZNF582
ARGFX
FBXO40
HCLS1
SLC1A7
ZNF583
ZNF667
NCK2
GOLGB1
LRFN4
ECRG4
ZNF471
C11orf86
CPT2
SYT12
UXS1
ZFP28
CZIB
MAGOH
RHOD
ZNF470
IQCB1
KDM2A
ZNF71
BICDL1
SMIM17
ZNF835
RAB35
RGPD3
EAF2
LRP8
ZIM2
SLC15A2
GCN1
CD8B2
ST6GAL2
PEG3
GRK2
ILDR1
RPLP0
CD86
RGPD4
SLC5A7
ANKRD13D
CASR
SULT1C3
CSTA
SULT1C2
CCDC58
FAM162A
SSH3
WDR5B
SULT1C4
KPNA1
USP29
ZIM3
GCC2
DUXA
RAD9A
ZNF264
AURKC
PXN
POLD4
PARP9
LIMS1
AP003419.1
ZNF805
CLCF1
DMRTB1
ZNF460
PPP1CA
GLIS1
ZNF543
ZNF304
NDC1
DTX3L
ZNF547
TRAPPC2B
PARP15
AC003002.1
ZNF548
YIPF1
AC003002.3
RANBP2
TBC1D10C
AC003002.2
PARP14
ZNF17
DIO1
ZNF749
AC004076.1
VN1R1
HSPBAP1
ZNF772
CARNS1
SLC49A4
SIRT4
CCDC138
PLA2G1B
ZNF419
SEMA5B
HSPB11
MSI1
RPS6KB2
LRRC42
COX6A1
EDAR
AL021546.1
TRIAP1
AC003005.1
GATC
ZNF773
LDLRAD1
SRSF9
ZNF549
SH3RF3
ZNF550
DYNLL1
PDIA5
TMEM59
SEPTIN10
ZNF416
ZIK1
COQ5
PTPRCAP
SEC22A
ZNF530
CORO1B
ZNF551
ZNF134
RNF10
ADCY5
ZNF211
TCEANC2
SOWAHC
GPR152
ZSCAN4
AL357673.1
CABP4
AC003006.1
CDCP2
ZNF154
ZNF671
CYB5RL
RGPD5
TMEM134
ZNF776
HACD2
ZNF586
MRPL37
ZNF552
MYLK
AC010522.1
ZNF587B
AC063943.2
SSBP3
POP5
ZNF814
AIP
CABP1
LIMS3
ZNF587
AC013271.1
AC010326.2
CCDC14
ZNF417
PITPNM1
ZNF418
MLEC
UNC119B
ZNF256
ACADS
C19orf18
MALL
ZNF606
ACOT11
SPPL3
ROPN1
FAM151A
NPHP1
KALRN
ZSCAN1
ZNF135
MROH7
HNF1A
CDK2AP2
ZSCAN18
CABP2
GSTP1
ZNF329
ZNF274
MROH7-TTC4
UMPS
NDUFV1
TTC4
PARS2
TTC22
ZNF544
LEXM
DHCR24
C12orf43
ITGB5
MTLN
AC020915.4
ZNF8
ERVK3-1
ZSCAN22
A1BG
TMEM61
BSND
MUC13
NUDT8
TBX10
OASL
PCSK9
ACY3
HEG1
AC112229.3
LIMS4
USP24
ZNF497
ALDH3B2
SLC12A8
ZNF837
P2RX7
RPS5
RGPD6
RNF225
ZNF584
ZNF148
UNC93B1
AC119674.2
ZNF132
ZNF324B
PLPP3
ZNF324
PRKAA2
BUB1
ALDH3B1
ZNF446
FYB2
SNX4
C8A
C8B
SLC27A5
OSBPL11
ZBTB45
NDUFS8
DAB1
TRIM28
P2RX4
TCIRG1
ALG1L
ROPN1B
OMA1
TACSTD2
CHMP2A
MYSM1
SLC41A3
UBE2M
JUN
CHKA
MZF1
ACOXL
CAMKK2
KMT5B
FGGY
ALDH1L1
C11orf24
HOOK1
LRP5
CYP2J2
PPP6R3
C1orf87
BCL2L11
KLF15
NFIA
CFAP100
ANAPC1
ZXDC
UROC1
CHST13
TM2D1
C3orf22
MERTK
TXNRD3
PATJ
TMEM87B
CHCHD6
ANAPC5
FBLN7
PLXNA1
ZC3H8
C3orf56
PRR20G
ZC3H6
GAL
TESMIN
RGPD8
CPT1A
TPRA1
RNF34
KDM2B
L1TD1
MRPL21
KANK4
TTL
USP1
MCM2
IGHMBP2
POLR1B
ORAI1
MORN3
PODXL2
TMEM120B
DOCK7
ABTB1
RHOF
MGLL
CHCHD5
MRGPRD
MRGPRF
SETD1B
SLC20A1
TPCN2
KBTBD12
HPD
SEC61A1
NT5DC4
CKAP2L
PSMD9
RUVBL1
IL1A
AP003071.5
AC069503.2
CFAP251
SMIM38
IL1B
MYEOV
EEFSEC
DNAJB8
BCL7A
GATA2
IL37
MLXIP
CCND1
RPN1
LTO1
LRRC43
RAB7A
IL36G
IL31
B3GNT4
FGF19
IL36A
IL36B
AC048338.2
FGF4
ACAD9
FGF3
DIABLO
IL36RN
IL1F10
ANO1
IL1RN
CFAP92
PSD4
EFCC1
GP9
AC048338.1
RAB43
VPS33A
ISY1-RAB43
FADD
ISY1
PPFIA1
CLIP1
CNBP
ANGPTL3
PAX8
ATG4C
COPG1
HMCES
CBWD2
FOXD3
H1-10
ALG6
EFCAB12
CTTN
MBD4
ZCCHC8
ITGB3BP
RSRC2
EFCAB7
IFT122
SHANK2
PGM1
KNTC1
ROR1
FOXD4L1
UBE2U
CACHD1
RABL2A
RAVER2
HCAR2
HCAR3
HCAR1
DENR
JAK1
SLC35F5
CCDC62
DHCR7
HIP1R
ACTR3
NADSYN1
VPS37B
ABCB9
DPP10
KRTAP5-7
KRTAP5-8
KRTAP5-9
KRTAP5-10
KRTAP5-11
AK4
DNAJC6
ZNF705E
DEFB108B
LEPROT
AP002495.1
DDX18
DEFB131B
LEPR
RNF121
OGFOD2
CCDC93
IL18BP
INSIG2
PDE4B
EN1
MARCO
ARL6IP4
C1QL2
STEAP3
NUMA1
C2orf76
SGIP1
RHO
H1-8
PLXND1
DBI
TCTEX1D1
INSL5
PITPNM2
DNAI4
TMCC1
TMEM37
SCTR
MPHOSPH9
TRH
ALG1L2
CFAP221
MIER1
COL6A5
C12orf65
CDK2AP1
TMEM177
COL6A6
PTPN4
SBNO1
PIK3R4
KMT5A
SLC35D1
RILPL2
EPB41L5
SNRNP35
C1orf141
RILPL1
IL23R
TMED2
ATP2C1
DDX55
IL12RB2
EIF2B1
TMEM185B
RALB
GTF2H3
SERBP1
INHBB
GLI2
GADD45A
TFCP2L1
GNG12
DIRAS3
AP000812.4
WLS
CLASP1
LRTOMT
TCTN2
RPE65
ATP6V0A2
DEPDC1
LAMTOR1
DNAH10
AP000812.3
ANAPC15
LRRC7
NIFK
CCDC92
TSN
LRRC40
ZNF664
SRSF11
RFLNA
CNTNAP5
NCOR2
FOLR3
ANKRD13C
FOLR1
GYPC
CTH
FOLR2
PTGER3
TEX51
ZRANB2
INPPL1
BIN1
SCARB1
NEGR1
PHOX2A
CLPB
UBC
ASTE1
DHX37
LRRIQ3
NEK11
FPGT
BRI3BP
AACS
FPGT-TNNI3K
TMEM132B
NUDT16
PDE2A
MRPL3
TNNI3K
LRRC53
ERICH3
CPNE4
CRYZ
TYW3
ACP3
LHX8
SLC44A5
DNAJC13
ACADM
ACAD11
CYP27C1
NPHP3-ACAD11
ARAP1
ERCC3
ACKR4
UBA5
TMEM132C
SLC15A4
GLT1D1
NPHP3
RABGGTB
TMEM132D
TMEM108
MAP3K2
BFSP2
MSH4
FZD10
CDV3
PIWIL1
ASB17
PROC
ST6GALNAC3
ST6GALNAC5
TOPBP1
PIGK
IWS1
RIMBP2
AK5
STX2
TF
ZZZ3
RAN
SRPRB
MYO7B
USP33
RAB6B
SLCO2A1
ADGRD1
RYK
STARD10
AMOTL2
LIMS2
ANAPC13
MIGA1
CEP63
ATG16L2
NEXN
SFSWAP
FUBP1
EPHB1
MMP17
KY
FCHSD2
DNAJB4
ULK1
GIPC2
PTGFR
PPP2R3A
PUS1
IFI44L
IFI44
EP400
P2RY2
GPR17
MSL2
P2RY6
WDR33
ADGRL4
PCCB
DDX51
ARHGEF17
SFT2D3
NOC4L
POLR2D
RELT
AMMECR1L
GALNT9
SAP130
FAM168A
ADGRL2
FBRSL1
PLEKHB1
LRCOL1
P2RX2
UGGT1
STAG1
HS6ST1
RAB6C
POTEF
RAB6A
CCDC74B
POLE
SLC35G2
MRPL48
NCK1
SMPD4
IL20RB
SOX14
COA4
PXMP2
PAAF1
CLDN18
PGAM5
DZIP1L
ANKLE2
A4GNT
DBR1
GOLGA3
ARMC8
MZT2B
TUBA3E
TTLL7
CHFR
CCDC115
DNAJB13
IMP4
UCP2
PRKACB
PTPN18
UCP3
ZNF605
ZNF26
C2CD3
ZNF84
POTEI
ZNF140
ZNF891
CFC1B
PPME1
ZNF10
CFC1
AC026786.1
ZNF268
POTEJ
SAMD13
GPR148
P4HA3
NME9
AMER3
ARHGEF4
DNASE2B
RPF1
ANHX
MRAS
GNG5
SPATA1
PGM2L1
ESYT3
CTBS
KCNE3
SMIM39
FAM168B
LIPT2
POLD3
SSX2IP
CEP70
PLEKHB2
LPAR3
CHRDL2
MCOLN2
DNAI3
FAIM
POTEE
RNF169
PIK3CB
XRRA1
MCOLN3
RAB6D
SYDE2
C1orf52
BCL10
FOXL2
DDAH1
FOXL2NB
PRR23A
MRPS22
MZT2A
CCN1
TUBA3D
ZNHIT6
PRR23B
PRR23C
COL24A1
COPB2
CCDC74A
SPCS2
NEU3
RBP2
RBP1
OR2AT4
SLCO2B1
NMNAT3
ODF2L
ANKRD30BL
GPR39
CLSTN2
LYPD1
TRIM42
NCKAP5
CLCA2
SLC25A36
CLCA1
CLCA4
TPBGL
ARRB1
MGAT5
SPSB4
PXYLP1
SH3GLB1
TMEM163
ACMSD
SELENOF
CCNT2
HS2ST1
RPS3
AC093155.3
ZBTB38
LMO4
MAP3K19
RASA2
PKN2
RNF7
GTF2B
AC112504.2
KLHL35
GRK7
ATP1B3
KYAT3
GDPD5
RAB3GAP1
RBMXL1
TFDP2
GBP3
GBP1
GK5
ZRANB3
GBP2
SERPINH1
GBP7
XRN1
GBP4
GBP5
R3HDM1
GBP6
MAP6
LRRC8B
MOGAT2
AC099569.1
DGAT2
LRRC8C
AC093423.3
LRRC8D
ZNF326
ATR
UVRAG
BARHL2
ZNF644
WNT11
UBXN4
THAP12
HFM1
GVQW3
LCT
MCM6
EMSY
PLS1
DARS1
CDC7
TGFBR3
TRPC1
CXCR4
PCOLCE2
THSD7B
BRDT
HNMT
PAQR9
U2SURP
LRRC32
SPOPL
TSKU
NXPH2
ACER3
LRP1B
EPHX4
SETSIP
BTBD8
B3GNT6
CAPN5
KYNU
C1orf146
CHST2
SLC9A9
GLMN
DIPK2A
RPAP2
PLOD2
GFI1
ARHGAP15
OMP
MYO7A
EVI5
RPL5
PLSCR4
GTDC1
DIPK1A
MTF2
PLSCR2
PLSCR1
TMED5
CCDC18
GDPD4
ZEB2
PLSCR5
PAK1
ZIC4
DR1
FNBP1L
ZIC1
BCAR3
CLNS1A
AGTR1
CPB1
DNTTIP2
GCLM
AQP11
RSF1
ABCA4
CPA3
GYG1
AAMDC
ARHGAP29
INTS4
HLTF
KCTD14
NDUFC2-KCTD14
ABCD3
THRSP
NDUFC2
ALG8
F3
HPS3
SLC44A3
CP
CNN3
KCTD21
USP35
ALG14
TM4SF18
TLCD4
ACVR2A
TM4SF1
GAB2
TLCD4-RWDD3
RWDD3
TM4SF4
WWTR1
NARS2
ORC4
COMMD2
TENM4
ANKUB1
PTBP2
RNF13
MBD5
DPYD
FAM181B
PRCP
SNX7
EPC2
PLPPR5
PFN2
PLPPR4
PALMD
KIF5C
FRRS1
TSC22D2
DDIAS
SERP1
AGL
EIF2A
RAB30
LYPD6B
SELENOT
PCF11
LYPD6
MMADHC
ERICH6
ANKRD42
SIAH2
RND3
MINDY4B
AC020636.2
CCDC90B
CLRN1
MED12L
SLC35A3
RBM43
NMI
TNFAIP6
RIF1
GPR171
P2RY14
GPR87
P2RY13
P2RY12
IGSF10
AADACL2
AADAC
SUCNR1
AC118553.2
MFSD14A
MBNL1
SASS6
DLG2
TRMT13
LRRC39
DBT
RTCA
NEB
CDC14A
P2RY1
RAP2B
ARHGEF26
DHX36
GPR88
VCAM1
EXTL2
SLC30A7
DPH5
TMEM126B
GPR149
MME
TMEM126A
S1PR1
CREBZF
CCDC89
OLFM3
SYTL2
COL11A1
STRIT1
PLCH1
C3orf33
AC104472.3
SLC33A1
GMPS
KCNAB1
ARL5A
AC068547.1
CACNB4
SSR3
TIPARP
RNPC3
LEKR1
AMY2B
CCNL1
AMY2A
AMY1A
AMY1B
VEPH1
AMY1C
PRMT6
CCDC83
PTX3
NTNG1
SHOX2
PICALM
VAV3
RSRC1
SLC25A24
MLF1
NBPF4
NBPF6
FAM102B
HENMT1
EED
PRPF38B
FNDC7
GFM1
STXBP3
HIKESHI
AKNAD1
LXN
RARRES1
CCDC81
MFSD1
STAM2
GPSM2
ME3
FMNL2
PRPF40A
PRSS23
IQCJ-SCHIP1
FZD4
TMEM135
CLCC1
ARL6IP6
IQCJ
WDR47
SCHIP1
RPRM
GALNT13
RAB38
TAF13
IL12A
CTSC
TMEM167B
C1orf194
C3orf80
AC079594.1
KCNJ3
ELAPOR1
IFT80
GRM5
NR4A2
TYR
NOX4
SMC4
SARS1
GPD2
CELSR2
PSRC1
MYBPHL
SORT1
GALNT5
PSMA5
TRIM59
ERMN
SYPL2
ATXN7L2
KPNA4
CYB561D1
CYTIP
AMIGO1
GPR61
GNAI3
ACVR1C
ARL14
GNAT2
PPM1L
AMPD2
ACVR1
B3GALNT1
TRIM77
TRIM49
TRIM64B
TRIM49D1
TRIM49D2
UPP2
TRIM64
CCDC148
TRIM49C
UBTFL1
NAALAD2
PKP4
GSTM4
GSTM2
CHORDC1
DAPL1
TANC1
GSTM1
WDSUB1
GSTM5
BAZ2B
GSTM3
FAT3
NMD3
EPS8L3
MTNR1B
SLC36A4
CSF1
MARCHF7
SPTSSB
OTOL1
AHCYL1
DEUP1
CD302
STRIP1
SMCO4
LY75-CD302
CEP295
ALX3
UBL4B
SLC6A17
KCNC4
TAF1D
RBM15
SI
LY75
PLA2R1
SLC16A4
C11orf54
SLITRK3
ITGB6
LAMTOR5
BCHE
PROK1
KCNA10
KCNA2
ZBBX
KCNA3
CD53
LRIF1
AP001273.2
DRAM2
MED17
RBMS1
SERPINI2
CEPT1
WDR49
DENND2D
PDCD10
VSTM5
HEPHL1
CHI3L2
PANX1
TANK
IZUMO1R
GPR83
MRE11
CHIA
PSMD14
SERPINI1
ANKRD49
TBR1
PIFO
C11orf97
PIWIL4
GOLIM4
OVGP1
SLC4A10
WDR77
FUT4
ATP5PB
AMOTL1
C1orf162
CWC15
TMIGD3
MECOM
KDM4D
KDM4E
ADORA3
KDM4F
RAP1A
SRSF8
ENDOD1
INKA2
SESN3
DDX20
DPP4
FAM76B
KCND3
CTTNBP2NL
WNT2B
CEP57
GCG
ST7L
ACTRT3
FAP
MYNN
LRRC34
LRRIQ4
MTMR2
LRRC31
SAMD7
IFIH1
CAPZA1
SEC62
GCA
MAML2
MOV10
CCDC82
GPR160
KCNH7
PHC3
JRKL
FIGN
GRB14
CNTN5
COBLL1
RHOC
PRKCI
SKIL
ARHGAP42
AC026316.4
CLDN11
SLC7A14
AL603832.3
PGR
RPL22L1
PPM1J
EIF5A2
TAFA3
SLC2A2
SLC38A11
SLC16A1
TRPC6
TNIK
LRIG2
SCN3A
MAGI3
ANGPTL5
CEP126
CFAP300
PHTF1
YAP1
RSBN1
PTPN22
BIRC3
SCN2A
BIRC2
TMEM123
MMP7
MMP20
BCL2L15
MMP27
AP4B1
MMP8
CSRNP3
DCLRE1B
MMP10
HIPK1
GALNT3
MMP1
MMP3
TTC21B
MMP12
MMP13
PLD1
DCUN1D5
DYNC2H1
SCN1A
TMEM212
OLFML3
FNDC3B
SYT6
TRIM33
GHSR
TNFSF10
BCAS2
NCEH1
DENND2C
ECT2
AMPD1
SCN9A
NRAS
CSDE1
PDGFD
DDI1
SCN7A
SPATA16
NLGN1
CASP4
NAALADL2
XIRP2
CASP5
TBL1XR1
CASP1
SIKE1
B3GALT1
SYCP1
STK39
CERS6
TSHB
TSPAN2
NGF
NOSTRIN
VANGL1
CARD16
CARD17
CASQ2
NHLH2
CARD18
KCNMB2
GRIA4
SLC22A15
AC117457.1
MAB21L3
ZMAT3
ATP1A1
SPC25
PIK3CA
G6PC2
ABCB11
CD58
DHRS9
IGSF3
MSANTD4
KCNMB3
KBTBD3
AASDHPPT
CD2
ZNF639
PTGFRN
CD101
GUCY1A2
TTF2
LRP2
MFN1
TRIM45
CWF19L2
VTCN1
MAN1A2
TENT5C
GNB4
GDAP2
ALKBH8
BBS5
WDR3
AC093899.2
SPAG17
ELMOD1
KLHL41
FASTKD1
ACTL6A
SLN
SLC35F2
TBX15
PPIG
WARS2
RAB39A
CUL5
HAO2
MRPL47
HSD3B2
ACAT1
HSD3B1
NDUFB5
ZNF697
PHGDH
NPAT
USP13
CCDC173
PHOSPHO2
PEX5L
ATM
KLHL23
SSB
METTL5
HMGCS2
C11orf65
REG4
UBR3
POGLUT3
ADAM30
NOTCH2
EXPH5
MYO3B
DDX10
TTC14
SEC22B
NOTCH2NLR
NBPF26
CCDC39
C11orf87
RDX
FXR1
PPIAL4A
FCGR1B
FAM72B
SRGAP2C
SP5
ZC3H12C
ERICH2
FDX1
GAD1
ARHGAP20
DNAJC19
H3-2
FAM72C
PPIAL4E
NBPF15
C11orf53
PPIAL4F
GORASP2
COLCA2
SRGAP2B
POU2AF1
TLK1
FAM72D
PPIAL4D
BTG4
NBPF20
SOX2
HOATZ
LAYN
SIK2
METTL8
PPP2R1B
DCAF17
CYBRD1
DYNC1I2
ALG9
ATP11B
GPR89A
AP001781.2
DCUN1D1
FDXACB1
C11orf1
MCCC1
CRYAB
PDZK1
CD160
RNF115
POLR3C
HSPB2
HSPB2-C11orf52
C11orf52
NUDT17
DIXDC1
PIAS3
ANKRD35
ITGA10
LAMP3
DLAT
MCF2L2
PEX11B
RBM8A
PIH1D2
AC243547.3
NKAPD1
LIX1L
SLC25A12
ANKRD34A
POLR3GL
B3GNT5
TXNIP
TIMM8B
KLHL6
HAT1
HJV
SDHD
KLHL24
METAP1D
NBPF10
DLX1
YEATS2
AP002884.2
DLX2
IL18
ITGA6
AC131160.1
MAP6D1
TEX12
PARL
BCO2
NOTCH2NLA
PPIAL4H
NBPF12
ABCC5
PTS
PDK1
PLET1
NCAM1
RAPGEF4
HTR3D
HTR3C
HTR3E
PRKAB2
FMO5
EIF2B5
CHD1L
MAP3K20
TTC12
DVL3
CDCA7
AP2M1
SP3
OLA1
ANKK1
DRD2
ABCF3
SP9
CIR1
TMPRSS5
SCRN3
VWA5B2
GPR155
ALG3
EEF1AKMT4
EEF1AKMT4-ECE2
CAMK2N2
ZW10
ECE2
WIPF1
BCL9
AC242628.1
ACP6
CLDN25
USP28
GJA5
CHRNA1
GJA8
GPR89B
PSMD2
HTR3B
CHN1
HTR3A
NBPF11
EIF4G1
ZBTB16
NNMT
ATF2
C11orf71
RBM7
PPIAL4G
AP002373.1
NBPF14
REXO2
NXPE1
NXPE4
NXPE2
NOTCH2NLB
NUDT4B
CADM1
PDE4DIP
BUD13
ATP5MC3
ZPR1
LNPK
EVX2
HOXD13
HOXD12
HOXD11
HOXD10
APOA5
HOXD9
APOA4
HOXD8
APOC3
HOXD3
HOXD4
APOA1
SIK3
HOXD1
MTX2
HNRNPA3
PAFAH1B2
SIDT2
FAM131A
CLCN2
NBPF9
NFE2L2
TAGLN
AGPS
PCSK7
POLR2H
TTC30B
TTC30A
PDE11A
NOTCH2NLC
THPO
AC242842.3
NBPF19
CHRD
RNF214
PPIAL4C
PDE11A
FCGR1A
H2BC18
H3C13
H4C14
H3C14
BACE1
RBM45
H2AC18
H2AC19
H3C15
H4C15
EPHB3
H2BC21
H2AC20
OSBPL6
H2AC21
BOLA1
MAGEF1
SV2A
SF3B4
VPS8
MTMR11
OTUD7B
VPS45
C3orf70
EHHADH
MAP3K13
CEP164
PRKRA
TMEM41A
LIPH
DSCAML1
PLEKHO1
SENP2
PJVK
ANP32E
FKBP7
IGF2BP2
PLEKHA3
CA14
APH1A
FXYD2
TRA2B
C1orf54
FXYD6-FXYD2
CIART
ETV5
FXYD6
MRPS21
PRPF3
DGKG
TTN
RPRD2
TARS2
TMPRSS13
CRYGS
TBCCD1
DNAJB11
IL10RA
ECM1
AC068631.2
AHSG
SMIM35
FETUB
TMPRSS4
ADAMTSL4
HRG
KNG1
MCL1
EIF4A2
ENSA
GOLPH3L
HORMAD1
SCN4B
CTSS
RFC4
SCN2B
JAML
CTSK
ADIPOQ
ARNT
ST6GAL1
RPL39L
MPZL3
RTP1
MASP1
MPZL2
CD3E
RTP4
CD3D
SST
RTP2
CTXND2
BCL6
SETDB1
CD3G
UBE4A
AC072022.2
LPP
AP001267.5
ATP5MG
CERS2
TPRG1
KMT2A
TP63
ANXA9
MINDY1
PRUNE1
BNIPL
C1orf56
TTC36
CDC42SE1
TMEM25
MLLT11
GABPB2
SEMA6C
CCDC141
P3H2
SESTD1
TNFAIP8L2
SCNM1
CLDN1
CLDN16
TMEM207
LYSMD1
ZNF385B
TMOD4
IL1RAP
IFT46
VPS72
CWC22
PIP5K1A
UBE2E3
GMNC
ARCN1
OSTN
UTS2B
PSMD4
CCDC50
PHLDB1
ZNF687
PYDC2
FGF12
ITGA4
MB21D2
PI4KB
PLAAT1
ATP13A5
ATP13A4
CERKL
RFX5
OPA1
TREH
DDX6
SELENBP1
CXCR5
BCL9L
UPK2
FOXR1
NEUROD1
CENATAC
ITPRID2
PSMB4
RPS25
POGZ
TRAPPC4
SLC37A4
PPP1R1C
CGN
PDE1A
TUFT1
DNAJC10
SNX27
HYOU1
FRZB
NCKAP1
CELF3
RIIAD1
MRPL9
DUSP19
NUP35
OAZ3
HES1
TDRKH
ZNF804A
VPS11
CPN2
LRRC15
GP5
FSIP2
ATP13A3
HMBS
ZC3H15
TMEM44
LINGO4
ITGAV
RORC
C2CD4D
LSG1
THEM5
THEM4
S100A10
FAM43A
S100A11
TCHHL1
TCHH
RPTN
XXYLT1
HRNR
FLG
FAM171B
FLG2
CRNN
LCE5A
ZSWIM2
ACAP2
CRCT1
LCE3E
LCE3D
LCE3C
LCE3B
LCE3A
LCE2D
LCE2C
CALCRL
LCE2B
LCE2A
LCE4A
C1orf68
KPRP
LCE1F
LCE1E
LCE1D
LCE1C
LCE1B
LCE1A
LCE6A
AL162596.1
SMCP
IVL
PPP1R2
SPRR5
SPRR4
SPRR1A
SPRR3
TFPI
SPRR1B
SPRR2D
SPRR2A
SPRR2B
APOD
SPRR2E
SPRR2F
SPRR2G
LELP1
PRR9
LORICRIN
PGLYRP3
GULP1
PGLYRP4
H2AX
S100A9
S100A12
DPAGT1
S100A8
S100A7A
S100A7L2
S100A7
S100A6
S100A5
S100A4
S100A3
C2CD2L
S100A2
COL3A1
S100A16
S100A14
MUC20
S100A13
S100A1
MUC4
CHTOP
HINFP
COL5A2
SNAPIN
ABCG4
ILF2
NPR1
NLRX1
INTS3
WDR75
SLC40A1
PDZD3
SLC27A3
ASNSD1
ASDURF
AC012488.2
ANKAR
GATAD2B
CCDC153
OSGEPL1
CBL
DENND4B
ORMDL1
MCAM
CRTC2
PMS1
SLC39A1
RNF26
MFRP
TNK2
AL358472.7
CREB3L4
C1QTNF5
USP2
JTB
AL358472.6
RAB13
THY1
RPS27
NUP210L
NECTIN1
TPM3
TRIM29
TFRC
C2orf88
MSTN
HIBCH
ZDHHC19
SLC51A
OAF
INPP1
POU2F3
PCYT1A
TLCD5
MFSD6
ARHGEF12
AC069257.3
TCTEX1D2
TM4SF19-TCTEX1D2
NEMP2
TM4SF19
UBXN7
NAB1
RNF168
SMCO1
GLS
C1orf189
WDR53
C1orf43
FBXO45
NRROS
PIGX
GRIK4
CEP19
PAK2
SENP5
STAT1
UBAP2L
NCBP2
NCBP2AS2
PIGZ
TBCEL
MELTF
TBCEL-TECTA
TECTA
SC5D
DLG1
SORL1
HAX1
AQP10
ATP8B2
IL6R
SHE
TDRD10
UBE2Q1
CHRNB2
ADAR
BLID
UBASH3B
CRTAM
JHY
BSX
HSPA8
KCNN3
STAT4
PMVK
PBXIP1
PYGO2
CLMP
MYO1B
SHC1
GRAMD1B
CKS1B
FLAD1
LENEP
ZBTB7B
DCST2
NABP1
DCST1
SCN3B
BDH1
ADAM15
ZNF202
CAVIN2
OR6X1
OR6M1
TMEFF2
RUBCN
TMEM225
OR8D4
OR4D5
OR6T1
OR10S1
OR10G6
OR10G4
OR10G9
OR10G8
FYTTD1
OR10G7
VWA5A
LRCH3
SLC39A10
DNAH7
OR10D3
OR8G1
OR8G5
OR8D1
OR8D2
IQCG
OR8B2
OR8B3
OR8B4
OR8B8
OR8B12
OR8A1
PANX3
RPL35A
TBRG1
STK17B
LMLN
HECW2
SIAE
SPA17
NRGN
EFNA4
VSIG2
AL691442.1
ESAM
EFNA3
EFNA1
MSANTD2
SLC50A1
CCDC150
ROBO3
DPM3
KRTCAP2
GTF3C3
AL713999.2
TRIM46
C2orf66
ROBO4
PGAP1
MUC1
HEPACAM
ANKRD44
HEPN1
CCDC15
SLC37A2
SF3B1
TMEM218
COQ10B
PKNOX2
HSPD1
FEZ1
EI24
HSPE1
HSPE1-MOB4
MOB4
RFTN2
MARS2
BOLL
STT3A
PLCL1
CHEK1
SATB2
FTCDNL1
ACRV1
PATE1
PATE2
C2orf69
PATE3
TYW5
PATE4
HYLS1
THBS3
PUS3
MAIP1
DDX25
SPATS2L
MTX1
VSIG10L2
CDON
GBA
FAM189B
RPUSD4
FAM118B
SCAMP3
CLK2
SRPRA
HCN3
PKLR
FDPS
FOXRED1
TIRAP
RUSC1
KCTD18
SGO2
DCPS
AOX1
ST3GAL4
ASH1L
BZW1
CLK1
MSTO1
PPIL3
YY1AP1
KIRREL3
NIF3L1
ORC2
FAM126B
ETS1
NDUFB3
CFLAR
FLI1
KCNJ1
KCNJ5
C11orf45
TP53AIP1
ARHGAP32
DAP3
CASP10
BARX2
TMEM45B
CASP8
NFRKB
GON4L
SYT11
RIT1
PRDM10
KHDC4
FLACC1
RXFP4
ARHGEF2
TRAK2
STRADB
C2CD6
SSR2
APLP2
TMEM237
UBQLN4
MPP4
LAMTOR2
RAB25
MEX3A
LMNA
ST14
ZBTB44
ALS2
ADAMTS8
ADAMTS15
SNX19
CDK15
NTM
FZD7
KIAA2012
SUMO1
SEMA4A
NOP58
OPCML
BMPR2
SPATA19
IGSF9B
SLC25A44
PMF1-BGLAP
PMF1
FAM117B
JAM3
BGLAP
ICA1L
PAQR6
NCAPD3
SMG5
TMEM79
GLMP
WDR12
VPS26B
VHLL
CCT3
CARF
THYN1
ACAD8
TSACC
GLB1L3
RHBG
GLB1L2
B3GAT1
NBEAL1
MEF2D
CYP20A1
IQGAP3
TTC24
NAXE
GPATCH4
ABI2
HAPLN2
BCAN
NES
CRABP2
ISG20L2
RRNAD1
RAPH1
MRPL24
HDGF
PRCC
SH2D2A
NTRK1
CD28
CTLA4
ICOS
PARD3B
INSRR
PEAR1
LRRC71
ARHGEF11
ETV3L
ETV3
NRP2
FCRL5
FCRL4
FCRL3
FCRL2
FCRL1
CD5L
KIRREL1
SMIM42
CD1D
CD1A
INO80D
CD1C
CD1B
CD1E
NDUFS1
OR10T2
OR10K2
OR10K1
OR10R2
OR6Y1
OR6P1
OR10X1
OR10Z1
SPTA1
OR6K2
OR6K3
OR6N1
OR6K6
OR6N2
MNDA
PYHIN1
EEF1B2
IFI16
GPR1
ZDBF2
AIM2
ADAM23
CADM3
ACKR1
FCER1A
FAM237A
OR10J1
DYTN
OR10J5
APCS
CRP
MDH1B
DUSP23
FCRL6
SLAMF8
FASTKD2
AL590560.2
VSIG8
CFAP45
CPO
KLF7
TAGLN2
IGSF9
CREB1
SLAMF9
KCNJ10
PIGM
KCNJ9
IGSF8
ATP1A2
METTL21A
ATP1A4
CCNYL1
CASQ1
FZD5
PLEKHM3
PEA15
CRYGD
CRYGC
DCAF8
CRYGB
CRYGA
C2orf80
IDH1
AL139011.2
PEX19
COPA
PIKFYVE
PTH2R
MAP2
NCSTN
NHLH1
VANGL2
SLAMF6
CD84
UNC80
SLAMF1
CD48
SLAMF7
RPE
LY9
CD244
ITLN1
ITLN2
F11R
KANSL1L
AL591806.2
TSTD1
USF1
ARHGAP30
ACADL
MYL1
NECTIN4
KLHDC9
LANCL1
PFDN2
NIT1
DEDD
UFC1
CPS1
USP21
PPOX
B4GALT3
ADAMTS4
NDUFS2
FCER1G
APOA2
TOMM40L
ERBB4
NR1I3
IKZF2
SPAG16
VWC2L
BARD1
ABCA12
ATIC
PCP4L1
MPZ
SDHC
CFAP126
FCGR2A
FN1
HSPA6
FCGR3A
FCGR3B
FCGR2B
FCRLA
FCRLB
DUSP12
ATF6
OLFML2B
NOS1AP
AL512785.2
SPATA46
C1orf226
SH2D1B
UHMK1
UAP1
DDR2
HSD17B7
CCDC190
RGS4
RGS5
NUF2
PBX1
LMX1A
RXRG
LRRC52
MGST3
ALDH9A1
TMCO1
UCK2
FAM78B
POGK
TADA1
ILDR2
MAEL
GPA33
STYXL2
POU2F1
CD247
CREG1
RCSD1
MPZL1
ADCY10
MPC2
DCAF6
GPR161
TIPRL
SFT2D2
TBX19
XCL2
XCL1
DPT
ATP1B1
NME7
BLZF1
CCDC181
SLC19A2
F5
SELP
MREG
PECR
C1orf112
TMEM169
XRCC5
SELL
SELE
MARCHF4
SMARCAL1
METTL18
SCYL3
KIFAP3
RPL37A
METTL11B
IGFBP2
GORAB
IGFBP5
PRRX1
TNP1
MROH9
FMO3
FMO2
TNS1
FMO1
FMO4
PRRC2C
MYOCOS
MYOC
VAMP4
EEF1AKNMT
DNM3
RUFY4
PIGC
C1orf105
CXCR2
SUCO
CXCR1
ARPC2
GPBAR1
AAMP
FASLG
TNFSF18
TNFSF4
PRDX6
SLC9C2
PNKD
AL139142.2
ANKRD45
TEX50
KLHL20
CENPL
TMBIM1
DARS2
CATIP
SLC11A1
ZBTB37
SERPINC1
RC3H1
CTDSP1
RABGAP1L
VIL1
USP37
GPR52
CACYBP
MRPS14
TNN
KIAA0040
CNOT9
TNR
COP1
PLCD4
ZNF142
PAPPA2
BCS1L
ASTN1
BRINP2
RNF25
SEC16B
STK36
RASAL2
CLEC20A
TTLL4
TEX35
RALGPS2
CYP27A1
PRKAG3
ANGPTL1
FAM20B
TOR3A
WNT6
ABL2
WNT10A
CDK5R2
FEV
CRYBA2
CFAP65
IHH
NHEJ1
SOAT1
AC068946.1
SLC23A3
AXDND1
CNPPD1
NPHS2
RETREG2
TDRD5
ZFAND2B
FAM163A
TOR1AIP2
TOR1AIP1
CEP350
ABCB6
QSOX1
AC068946.2
ATG9A
LHX4
ACBD6
XPR1
KIAA1614
STX6
MR1
IER5
ANKZF1
CACNA1E
GLB1L
STK16
ZNF648
TUBA4A
GLUL
TUBA4B
DNAJB2
TEDDM1
RGSL1
PTPRN
RNASEL
RGS16
RGS8
NPL
RESP18
DNPEP
DHX9
SHCBP1L
LAMC1
LAMC2
DES
NMNAT2
SPEG
SMG7
AC053503.6
SPEGNB
GMPPA
ASIC4
NCF2
CHPF
TMEM198
ARPC5
OBSL1
RGL1
APOBEC4
COLGALT2
INHA
TSEN15
STK11IP
C1orf21
SLC4A3
EDEM3
NIBAN1
RNF2
TRMT1L
EPHA4
SWT1
IVNS1ABP
PAX3
HMCN1
AC010980.1
SGPP2
FARSB
PRG4
MOGAT1
ACSL3
TPR
KCNE4
SCG2
AP1S3
AC093884.1
ODR4
WDFY1
MRPL44
SERPINE2
PDC
PTGS2
FAM124B
PLA2G4A
CUL3
CCDC195
BRINP3
DOCK10
RGS18
RGS21
RGS1
RGS13
NYAP2
RPS27AP5
RGS2
IRS1
RHBDD1
UCHL5
COL4A4
COL4A3
MFF
RO60
GLRX2
CDC73
TM4SF20
SCYGR1
AGFG1
B3GALT2
KCNT2
SCYGR2
C2orf83
SCYGR3
SCYGR4
SCYGR5
SLC19A3
SCYGR6
SCYGR7
SCYGR8
CCL20
DAW1
SPHKAP
CFH
PID1
DNER
CFHR3
TRIP12
CFHR1
CFHR4
CFHR2
CFHR5
F13B
ASPM
ZBTB41
CRB1
DENND1B
FBXO36
SLC16A14
SP110
C1orf53
LHX9
NEK7
SP140
ATP6V1G3
PTPRC
SP140L
NR5A2
SP100
ZNF281
KIF14
DDX59
CAMSAP2
GPR25
INAVA
CAB39
KIF21B
ITM2C
GPR55
SPATA3
C2orf72
PSMD1
CACNA1S
ASCL5
TMEM9
IGFN1
PKP1
TNNT2
HTR2B
ARMC9
B3GNT7
NCL
NMUR1
TEX44
LAD1
PTMA
TNNI1
PHLDA3
PDE6D
CSRP1
COPS7B
NAV1
NPPC
DIS3L2
IPO9
SHISA4
LMOD1
ALPP
TIMM17A
RNPEP
ALPG
ALPI
ECEL1
ELF3
PRSS56
CHRND
GPR37L1
ARL8A
CHRNG
TIGD1
PTPN7
EIF4E2
LGR6
EFHD1
UBE2T
PPP1R12B
GIGYF2
SYT2
KDM5B
RABIF
KLHL12
ADIPOR1
CYB5R1
TMEM183A
PPFIA4
KCNJ13
SNORC
NGEF
MYOG
ADORA1
NEU2
INPP5D
MYBPH
CHI3L1
CHIT1
BTG2
FMOD
PRELP
OPTC
ATG16L1
ATP2B4
LAX1
ZC3H11A
SAG
ZBED6
AC114402.2
SNRPE
DGKD
SOX13
ETNK2
REN
KISS1
GOLT1A
PLEKHA6
USP40
PPP1R15B
PIK3C2B
UGT1A8
UGT1A10
UGT1A9
MDM4
UGT1A7
UGT1A6
UGT1A5
UGT1A4
LRRN2
UGT1A3
UGT1A1
MROH2A
NFASC
HJURP
TRPM8
SPP2
ARL4C
CNTN2
SH3BP4
AGAP1
GBX2
ASB18
IQCA1
TMEM81
RBBP5
DSTYK
ACKR3
COPS8
TMCC2
NUAK2
KLHDC8A
COL6A3
LEMD1
BLACAT1
CDK18
MFSD4A
ELK4
SLC45A3
NUCKS1
RAB29
MLPH
SLC41A1
PM20D1
SLC26A9
RAB7B
PRLH
CTSE
RAB17
RHEX
LRRFIP1
AVPR1B
FAM72A
SRGAP2
RBM44
RAMP1
UBE2F
IKBKE
RASSF5
EIF2D
DYRK3
MAPKAPK2
UBE2F-SCLY
SCLY
IL10
IL19
IL20
ESPNL
IL24
KLHL30
ERFE
FCMR
ILKAP
PIGR
FCAMR
C1orf116
HES6
PFKFB2
PER2
TRAF3IP1
YOD1
C4BPB
ASB1
C4BPA
TWIST2
HDAC4
CD55
CR2
NDUFA10
CR1
CR1L
CD46
OR6B2
OR6B3
COPS9
OTOS
GPC1
CD34
ANKMY1
PLXNA2
CAMK1G
LAMB3
G0S2
HSD11B1
TRAF3IP3
DUSP28
RNPEPL1
CAPN10
C1orf74
IRF6
UTP25
SYT14
GPR35
AQP12B
AQP12A
SERTAD4
HHAT
KIF1A
KCNH1
AL590132.1
AC092017.2
RCOR3
TRAF5
RD3
SLC30A1
NEK2
LPGAT1
INTS7
DTL
PPP2R5A
PACC1
NENF
ATF3
FAM71A
BATF3
NSL1
TATDN3
AGXT
MAB21L4
CROCC2
SNED1
SPATA45
FLVCR1
VASH2
MTERF4
ANGEL2
RPS6KC1
PASK
PPP1R7
PROX1
SMYD2
PTPN14
CENPF
KCNK2
ANO7
KCTD3
HDLBP
USH2A
ESRRG
GPATCH2
SPATA17
RRP15
TGFB2
SEPTIN2
LYPLAL1
ZC3H11B
SLC30A10
EPRS1
BPNT1
IARS2
RAB3GAP2
MARK1
FARP2
C1orf115
MTARC2
MTARC1
AL445423.3
HLX
DUSP10
STK25
HHIPL2
TAF1A
MIA3
AIDA
BROX
BOK
THAP4
FAM177B
ATG4B
DISP1
TLR5
SUSD4
CCDC185
CAPN8
CAPN2
DTYMK
TP53BP2
ING5
D2HGDH
FBXO28
GAL3ST2
DEGS1
NEU4
NVL
PDCD1
RTP5
FAM240C
CNIH4
WDR26
CNIH3
DNAH14
LBR
ENAH
SRP9
EPHX1
TMEM63A
LEFTY1
AL117348.2
PYCR2
LEFTY2
SDE2
H3-3A
ACBD3
MIXL1
LIN9
PARP1
STUM
ITPKB
AL391628.1
PSEN2
COQ8A
CDC42BPA
ZNF678
SNAP47
JMJD4
PRSS38
WNT9A
WNT3A
ARF1
C1orf35
MRPL55
GUK1
GJC2
IBA57
OBSCN
TRIM11
TRIM17
H3-4
H2AW
H2BU1
RNF187
RHOU
RAB4A
CCSAP
ACTA1
NUP133
ABCB10
TAF5L
URB2
GALNT2
PGBD5
COG2
AGT
CAPN9
C1orf198
TTC13
ARV1
FAM89A
TRIM67
C1orf131
GNPAT
EXOC8
SPRTN
EGLN1
AL445524.2
TSNAX
TSNAX-DISC1
DISC1
SIPA1L2
MAP10
NTPCR
PCNX2
MAP3K21
KCNK1
SLC35F3
COA6
TARBP1
IRF2BP2
TOMM20
RBM34
ARID4B
GGPS1
AL357556.3
TBCE
B3GALNT2
GNG4
LYST
NID1
GPR137B
ERO1B
EDARADD
LGALS8
HEATR1
ACTN2
MTR
MT1HL1
RYR2
ZP4
MTRNR2L11
CHRM3
FMN2
GREM2
RGS7
FH
KMO
OPN3
CHML
WDR64
EXO1
BECN2
MAP1LC3C
PLD5
CEP170
SDCCAG8
AKT3
ZBTB18
C1orf100
ADSS2
CATSPERE
DESI2
AL451007.3
COX20
HNRNPU
EFCAB2
KIF26B
SMYD3
TFB2M
CNST
SCCPDH
AHCTF1
ZNF695
ZNF670-ZNF695
ZNF670
ZNF669
ZNF124
ZNF496
NLRP3
OR2B11
GCSAML
OR2C3
GCSAML-AS1
OR2G2
OR2G3
OR14L1P
OR13G1
OR6F1
AC118470.1
OR14A2
OR14K1
OR1C1
OR14A16
OR11L1
TRIM58
OR2W3
OR2T8
OR2AJ1
OR2L8
OR2AK2
OR2L5
OR2L2
OR2L3
OR2L13
OR2M5
OR2M2
OR2M3
OR2M4
OR2T33
OR2T12
OR2M7
OR14C36
OR2T4
OR2T6
OR2T1
OR2T2
OR2T3
OR2T5
OR2G6
OR2T29
OR2T34
OR2T10
OR2T11
OR2T35
OR2T27
CR589904.2
LYPD8
OR14I1
SH3BP5L
ZNF672
ZNF692
PGBD2
SCGB1C2
DOC2B
RPH3AL
C17orf97
RFLNB
VPS53
TLCD3A
GEMIN4
GLOD4
MRM3
NXN
TIMM22
ABR
BHLHA9
TRARG1
YWHAE
CRK
MYO1C
INPP5K
PITPNA
SLC43A2
SCARF1
RILP
PRPF8
TLCD2
WDR81
SERPINF2
SERPINF1
SMYD4
RPA1
RTN4RL1
DPH1
OVCA2
HIC1
SMG6
SRR
TSR1
SGSM2
MNT
METTL16
PAFAH1B1
CLUH
RAP1GAP2
OR1D5
OR1D2
OR1G1
OR1A2
OR1A1
OR3A2
OR3A1
OR1R1P
OR1E1
OR3A3
OR1E2
SPATA22
ASPA
TRPV3
TRPV1
AC027796.3
CTNS
SHPK
TAX1BP3
P2RX5-TAX1BP3
EMC6
P2RX5
ITGAE
HASPIN
NCBP3
CAMKK1
P2RX1
ATP2A3
ZZEF1
CYB5D2
ANKFY1
UBE2G1
SPNS3
SPNS2
MYBBP1A
GGT6
SMTNL2
ALOX15
PELP1
ARRB2
MED11
CXCL16
ZMYND15
TM4SF5
VMO1
GLTPD2
PSMB6
AC233723.1
PLD2
MINK1
CHRNE
C17orf107
GP1BA
SLC25A11
RNF167
PFN1
ENO3
SPAG7
CAMTA2
INCA1
KIF1C
SLC52A1
ZFP3
ZNF232
USP6
ZNF594
SCIMP
RABEP1
NUP88
RPAIN
C1QBP
DHX33
DERL2
MIS12
NLRP1
AC055839.2
AC007846.2
WSCD1
AIPL1
PIMREG
PITPNM3
KIAA0753
AC004706.3
TXNDC17
MED31
C17orf100
SLC13A5
XAF1
FBXO39
TEKT1
ALOX12
RNASEK
RNASEK-C17orf49
C17orf49
BCL6B
SLC16A13
SLC16A11
CLEC10A
ASGR2
ASGR1
DLG4
ACADVL
DVL2
PHF23
GABARAP
AC120057.2
CTDNEP1
AC003688.1
ELP5
CLDN7
SLC2A4
YBX2
EIF5A
GPS2
AC026954.2
NEURL4
ACAP1
KCTD11
TMEM95
TNK1
PLSCR3
TMEM256-PLSCR3
TMEM256
NLGN2
SPEM1
SPEM2
SPEM3
AC113189.12
TMEM102
FGF11
CHRNB1
ZBTB4
SLC35G6
POLR2A
TNFSF12
TNFSF12-TNFSF13
TNFSF13
SENP3
SENP3-EIF4A1
EIF4A1
CD68
MPDU1
SOX15
FXR2
SHBG
SAT2
ATP1B2
TP53
WRAP53
EFNB3
DNAH2
KDM6B
TMEM88
NAA38
CYB5D1
CHD3
RNF227
KCNAB3
AC104581.2
TRAPPC1
CNTROB
GUCY2D
ALOX15B
ALOX12B
ALOXE3
HES7
PER1
AC129492.3
VAMP2
TMEM107
BORCS6
AURKB
CTC1
PFAS
SLC25A35
RANGRF
ARHGEF15
ODF4
KRBA2
AC135178.3
RPL26
RNF222
NDEL1
MYH10
CCDC42
SPDYE4
MFSD6L
PIK3R6
PIK3R5
NTN1
STX8
CFAP52
USP43
DHRS7C
GSG1L2
GLP2R
RCVRN
GAS7
MYH13
MYH8
MYH4
MYH1
MYH2
MYH3
SCO1
ADPRM
TMEM220
TMEM238L
PIRT
SHISA6
DNAH9
ZNF18
MAP2K4
MYOCD
ARHGAP44
ELAC2
HS3ST3A1
COX10
CDRT15
HS3ST3B1
PMP22
TEKT3
CDRT4
TVP23C-CDRT4
TVP23C
CDRT1
AC005324.2
TRIM16
ZNF286A
AC005324.3
TBC1D26
ADORA2B
ZSWIM7
TTC19
NCOR1
PIGL
CENPV
UBB
TRPV2
LRRC75A
ZNF287
ZNF624
CCDC144A
AC098850.3
TNFRSF13B
MPRIP
PLD6
AC055811.2
FLCN
COPS3
NT5M
MED9
RASD1
PEMT
RAI1
SREBF1
TOM1L2
DRC3
ATPAF2
GID4
DRG2
MYO15A
ALKBH5
LLGL1
FLII
MIEF2
TOP3A
SMCR8
SHMT1
EVPLL
LGALS9C
TBC1D28
FOXO3B
TRIM16L
FBXW10
TVP23B
PRPSAP2
SLC5A10
FAM83G
GRAP
GRAPL
EPN2
B9D1
MAPK7
MFAP4
RNF112
SLC47A1
ALDH3A2
SLC47A2
ALDH3A1
ULK2
AKAP10
SPECC1
LGALS9B
CDRT15L2
USP22
DHRS7B
TMEM11
NATD1
MAP2K3
KCNJ12
KCNJ18
MTRNR2L1
WSB1
KSR1
AC015688.4
LGALS9
NOS2
AC005697.1
LYRM9
NLK
TMEM97
IFT20
TNFAIP1
POLDIP2
TMEM199
SEBOX
AC002094.3
SARM1
VTN
SLC46A1
AC005726.1
SLC13A2
FOXN1
UNC119
PIGS
ALDOC
SPAG5
RSKR
KIAA0100
SDF2
SUPT6H
PROCA1
RAB34
RPL23A
TLCD1
NEK8
TRAF4
FAM222B
ERAL1
FLOT2
DHRS13
PHF12
PIPOX
SEZ6
MYO18A
TIAF1
CRYBA1
NUFIP2
TAOK1
ABHD15
TP53I13
GIT1
ANKRD13B
CORO6
SSH2
EFCAB5
NSRP1
SLC6A4
BLMH
TMIGD1
CPD
GOSR1
CRLF3
ATAD5
TEFM
ADAP2
RNF135
NF1
OMG
EVI2B
AC134669.1
EVI2A
RAB11FIP4
COPRS
UTP6
SUZ12
LRRC37B
RHOT1
RHBDL3
C17orf75
ZNF207
PSMD11
CDK5R1
MYO1D
TMEM98
SPACA3
ASIC2
CCL2
CCL7
CCL11
CCL8
CCL13
CCL1
TMEM132E
CCT6B
ZNF830
LIG3
RFFL
AC004223.3
RAD51D
FNDC8
NLE1
UNC45B
SLC35G3
SLFN5
SLFN11
SLFN12
SLFN13
SLFN12L
SLFN14
PEX12
AP2B1
TAF15
RASL10B
GAS2L2
MMP28
C17orf50
HEATR9
CCL5
RDM1
LYZL6
CCL16
CCL14
CCL15-CCL14
CCL15
CCL23
CCL18
CCL3
CCL4
TBC1D3B
CCL3L3
CCL4L2
TBC1D3I
TBC1D3G
TBC1D3H
TBC1D3F
ZNHIT3
MYO19
PIGW
GGNBP2
DHRS11
MRM1
LHX1
AATF
ACACA
C17orf78
TADA2A
DUSP14
SYNRG
DDX52
HNF1B
TBC1D3K
TBC1D3L
TBC1D3D
TBC1D3C
TBC1D3E
TBC1D3
MRPL45
GPR179
SOCS7
ARHGAP23
SRCIN1
EPOP
MLLT6
CISD3
PCGF2
PSMB3
PIP4K2B
CWC25
C17orf98
RPL23
LASP1
LINC00672
FBXO47
PLXDC1
ARL5C
CACNB1
RPL19
STAC2
FBXL20
MED1
CDK12
NEUROD2
PPP1R1B
STARD3
TCAP
PNMT
PGAP3
ERBB2
MIEN1
GRB7
IKZF3
ZPBP2
GSDMB
ORMDL3
LRRC3C
GSDMA
PSMD3
CSF3
MED24
THRA
NR1D1
MSL1
CASC3
RAPGEFL1
WIPF2
CDC6
RARA
GJD3
TOP2A
IGFBP4
TNS4
CCR7
SMARCE1
AC073508.2
KRT222
KRT24
KRT25
KRT26
KRT27
KRT28
KRT10
KRT12
KRT20
KRT23
KRT39
KRT40
KRTAP3-3
KRTAP3-2
KRTAP3-1
KRTAP1-5
KRTAP1-4
KRTAP1-3
KRTAP1-1
KRTAP2-1
KRTAP2-2
KRTAP2-3
KRTAP2-4
KRTAP4-7
KRTAP4-8
KRTAP4-16
KRTAP4-9
KRTAP4-11
KRTAP4-12
KRTAP4-6
KRTAP4-5
KRTAP4-4
KRTAP4-3
KRTAP4-2
KRTAP4-1
KRTAP9-1
KRTAP9-2
KRTAP9-3
KRTAP9-8
KRTAP9-4
KRTAP9-9
KRTAP9-6
KRTAP9-7
KRTAP29-1
KRTAP16-1
KRTAP17-1
KRT33A
KRT33B
KRT34
KRT31
KRT37
KRT38
KRT32
KRT35
KRT36
KRT13
KRT15
KRT19
KRT9
KRT14
KRT16
KRT17
EIF1
GAST
HAP1
JUP
P3H4
FKBP10
NT5C3B
KLHL10
KLHL11
ACLY
TTC25
CNP
DNAJC7
NKIRAS2
ZNF385C
C17orf113
DHX58
KAT2A
AC099811.2
HSPB9
RAB5C
KCNH4
HCRT
GHDC
STAT5B
STAT5A
STAT3
CAVIN1
ATP6V0A1
NAGLU
HSD17B1
COASY
MLX
PSMC3IP
RETREG3
TUBG1
TUBG2
PLEKHH3
CCR10
CNTNAP1
EZH1
RAMP2
VPS25
WNK4
COA3
CNTD1
BECN1
PSME3
AOC2
AOC3
G6PC
AARSD1
PTGES3L-AARSD1
PTGES3L
RUNDC1
RPL27
IFI35
VAT1
RND2
BRCA1
NBR1
TMEM106A
CCDC200
ARL4D
DHX8
ETV4
MEOX1
SOST
DUSP3
CFAP97D1
MPP3
CD300LG
MPP2
PPY
PYY
NAGS
TMEM101
LSM12
G6PC3
HDAC5
HROB
ASB16
TMUB2
ATXN7L3
UBTF
SLC4A1
RUNDC3A
SLC25A39
GRN
FAM171A2
ITGA2B
GPATCH8
FZD2
MEIOC
CCDC43
DBF4B
ADAM11
GJC1
HIGD1B
EFTUD2
CCDC103
FAM187A
GFAP
KIF18B
NMT1
C1QL1
DCAKD
PLCD3
ACBD4
HEXIM1
HEXIM2
FMNL1
SPATA32
MAP3K14
ARHGAP27
PLEKHM1
LINC02210-CRHR1
CRHR1
SPPL2C
MAPT
STH
KANSL1
ARL17B
LRRC37A
LRRC37A2
ARL17A
NSF
WNT3
WNT9B
GOSR2
AC005670.2
RPRML
CDC27
MYL4
ITGB3
AC068234.1
EFCAB13
NPEPPS
KPNB1
TBKBP1
TBX21
OSBPL7
MRPL10
LRRC46
SCRN2
SP6
SP2
PNPO
PRR15L
CDK5RAP3
COPZ2
NFE2L1
CBX1
SNX11
SKAP1
HOXB1
HOXB2
HOXB3
HOXB4
HOXB5
HOXB6
HOXB7
HOXB8
HOXB9
PRAC1
PRAC2
HOXB13
TTLL6
CALCOCO2
ATP5MC1
UBE2Z
SNF8
GIP
IGF2BP1
B4GALNT2
GNGT2
ABI3
PHOSPHO1
ZNF652
PHB
NGFR
NXPH3
SPOP
SLC35B1
FAM117A
KAT7
TAC4
DLX4
DLX3
ITGA3
PDK2
SAMD14
PPP1R9B
SGCA
COL1A1
TMEM92
XYLT2
MRPL27
EME1
LRRC59
ACSF2
CHAD
RSAD1
MYCBPAP
EPN3
SPATA20
CACNA1G
ABCC3
ANKRD40
LUC7L3
ANKRD40CL
WFIKKN2
TOB1
SPAG9
NME1
NME1-NME2
NME2
MBTD1
UTP18
CA10
KIF2B
TOM1L1
COX11
STXBP4
HLF
MMD
SMIM36
TMEM100
PCTP
ANKFN1
NOG
C17orf67
DGKE
TRIM25
COIL
SCPEP1
AKAP1
MSI2
CCDC182
MRPS23
CUEDC1
VEZF1
AC015813.2
SRSF1
DYNLL2
OR4D1
OR4D2
EPX
MKS1
LPO
MPO
TSPOAP1
SUPT4H1
AC004687.2
RNF43
HSF5
MTMR4
SEPTIN4
TEX14
IGBP1P2
RAD51C
PPM1E
TRIM37
SKA2
PRR11
AC099850.2
SMG8
GDPD1
YPEL2
DHX40
CLTC
PTRH2
VMP1
TUBD1
RPS6KB1
AC005702.1
RNFT1
HEATR6
CA4
USP32
C17orf64
APPBP2
PPM1D
BCAS3
TBX2
TBX4
NACA2
BRIP1
INTS2
MED13
EFCAB3
METTL2A
TLK2
MRC2
MARCHF10
TANC2
CYB561
ACE
AC113554.1
KCNH6
DCAF7
TACO1
MAP3K3
STRADA
LIMD2
AC046185.1
CCDC47
DDX42
FTSJ3
PSMC5
SMARCD2
CSH2
GH2
CSH1
CSHL1
GH1
AC127029.3
CD79B
SCN4A
PRR29
ICAM2
ERN1
TEX2
PECAM1
MILR1
POLG2
DDX5
CEP95
SMURF2
LRRC37A3
GNA13
RGS9
AXIN2
AC004805.1
CEP112
APOH
PRKCA
CACNG5
CACNG4
CACNG1
HELZ
PSMD12
PITPNC1
NOL11
BPTF
C17orf58
KPNA2
AMZ2
ARSG
SLC16A6
WIPI1
PRKAR1A
FAM20A
ABCA8
ABCA9
ABCA6
ABCA10
ABCA5
MAP2K6
KCNJ16
KCNJ2
SOX9
SLC39A11
SSTR2
COG1
FAM104A
C17orf80
CPSF4L
CDC42EP4
SDK2
RPL38
TTYH2
DNAI2
KIF19
BTBD17
GPR142
GPRC5C
CD300A
CD300LB
CD300C
CD300LD
CD300E
RAB37
CD300LF
SLC9A3R1
NAT9
TMEM104
GRIN2C
FDXR
FADS6
USH1G
OTOP2
OTOP3
HID1
CDR2L
MRPL58
KCTD2
ATP5PD
SLC16A5
ARMC7
NT5C
JPT1
SUMO2
NUP85
GGA3
MRPS7
MIF4GD
SLC25A19
GRB2
TMEM94
CASKIN2
TSEN54
LLGL2
MYO15B
RECQL5
SMIM5
SMIM6
SAP30BP
ITGB4
GALK1
H3-3B
UNK
UNC13D
WBP2
TRIM47
TRIM65
MRPL38
AC087289.3
FBF1
ACOX1
TEN1-CDK3
TEN1
CDK3
EVPL
SRP68
ZACN
GALR2
EXOC7
FOXJ1
RNF157
UBALD2
QRICH2
PRPSAP1
SPHK1
UBE2O
AANAT
RHBDF2
CYGB
PRCD
AC015802.6
ST6GALNAC2
ST6GALNAC1
MXRA7
JMJD6
METTL23
AC005837.2
SRSF2
MFSD11
MGAT5B
SEC14L1
SEPTIN9
TNRC6C
TMC6
TMC8
C17orf99
SYNGR2
TK1
AFMID
BIRC5
TMEM235
SOCS3
PGS1
DNAH17
CYTH1
USP36
TIMP2
CEP295NL
LGALS3BP
CANT1
C1QTNF1
ENGASE
RBFOX3
ENPP7
CBX2
CBX8
CBX4
TBC1D16
CCDC40
GAA
EIF4A3
CARD14
SGSH
SLC26A11
RNF213
ENDOV
NPTX1
RPTOR
CHMP6
BAIAP2
AATK
PVALEF
CEP131
TEPSIN
NDUFAF8
SLC38A10
BAHCC1
ACTG1
FSCN2
FAAP100
NPLOC4
TSPAN10
PDE6G
OXLD1
CCDC137
ARL16
HGS
MRPL12
AC139530.2
SLC25A10
GCGR
MCRIP1
PPP1R27
P4HB
ARHGDIA
ALYREF
ANAPC11
NPB
PCYT2
SIRT7
MAFG
PYCR1
MYADML2
NOTUM
ASPSCR1
CENPX
LRRC45
RAC3
DCXR
RFNG
GPS1
DUS1L
FASN
CCDC57
SLC16A3
CSNK1D
CD7
SECTM1
TEX19
UTS2R
OGFOD3
HEXD
CYBC1
NARF
FOXK2
WDR45B
RAB40B
FN3KRP
FN3K
TBCD
ZNF750
B3GNTL1
METRNL
